#n       count cpu unit=25ns
#- ----------- -------------
 1           2            57
 2           3           105
 3           6           266
 4           9           435
 5          16           825
 6          24          1315
 7          42          2412
 8          61          3698
 9         108          6802
10         151          9993
11         253         17268
12         369         26232
13         607         44480
14         847         64507
15        1400        109195
16        1954        157828
17        3139        259515
18        4398        375302
19        6976        608403
20        9583        860509
21       15456       1414337
22       20982       1976706
23       32816       3149099
24       45417       4466795
25       70109       7025898
26       94499       9705584
27      148234      15463988
28      200768      21440057
29      308213      33466595
30      415543      46108926
31      634270      71511166
32      849877      97794319
33     1311244     153100668
34     1739022     207311037
35     2630061     318258850
36     3540355     436119579
37     5344961     668619371
38     7051789     898702821
39    10747207    1388383407
40    14158720    1861956503
41    21295570    2841323907
42    28188520    3823304167
43    42283059    5819885746
44    55560183    7771031133
45    83902379   11898061849
46   109416660   15772214009
47   163758608   23945654519
48   215578633   31978195845
49   322546325   48556505898
50   417931547   63886655364
51   630427082   97687261468
52   819313304  128808169203
53  1225749154  195561220325
54  1594365915  257887678667
55  2379621002  390738817676
56  3079772605  512555115281
57  4644363603  783911092330
58  5978202515 1023252850615
59  8958100404 1556299275344
60 11592193582 2039239000584
#- ----------- -------------
