#  n     IJK            IKJ            JIK            JKI            KIJ            KJI
#--- ------- ------ ------- ------ ------- ------ ------- ------ ------- ------ ------- ------
  16   5.828    0.0   6.039    0.0   5.777    0.0   5.348    0.0   6.004    0.0   5.212    0.0
  17   5.003    0.0   4.814    0.0   4.565    0.0   4.480    0.8   4.784    0.0   4.546    3.4
  18   3.976    0.0   4.213    0.0   3.958    0.0   3.550    0.0   4.356    0.0   3.475    0.0
  19   3.496    0.0   3.718    0.0   3.487    1.7   3.070    0.0   3.830    0.3   3.039    0.0
  20   3.107    0.3   3.327    0.0   3.111    0.0   2.684    0.0   3.396    0.0   2.600    0.0
  21   2.797    0.0   3.004    0.0   2.792    0.0   2.408    0.0   3.083    0.0   2.318    0.0
  22   2.858    0.0   2.767    0.8   2.531    0.0   2.164    0.0   2.793    0.0   2.058    0.0
  23   2.320    0.2   2.513    0.0   2.306    0.0   1.885    0.0   2.536    0.0   1.848    0.0
  24   2.138    0.0   2.323    0.0   2.133    0.0   1.696    0.0   2.396    0.0   1.598    0.0
  25   1.985    0.0   2.166    0.0   1.999    0.0   1.624    0.0   2.238    0.0   1.496    0.0
  26   1.860    0.1   2.030    0.1   1.858    0.0   1.431    0.0   2.148    0.0   1.325    0.0
  27   1.767    0.2   1.913    0.0   1.764    0.0   1.303    0.0   2.017    0.0   1.238    0.0
  28   1.686    0.0   1.884    0.6   1.686    0.0   1.193    0.0   1.883    0.0   1.200    0.0
  29   1.616    0.1   1.724    0.0   1.616    0.0   1.176    0.0   1.758    0.0   1.030    0.0
  30   1.557    0.2   1.662    0.0   1.549    0.0   1.039    0.0   1.711    0.2   0.951    0.1
  31   1.499    0.1   1.579    0.0   1.496    0.0   0.954    0.0   1.705    0.0   0.904    0.0
  32   1.448    0.1   1.521    0.0   1.446    0.0   0.900    0.0   1.611    0.0   0.811    0.0
  33   1.394    0.1   1.467    0.0   1.401    0.0   0.846    0.0   1.482    0.0   0.775    0.0
  34   1.356    0.0   1.429    0.0   1.389    1.1   0.815    1.1   1.436    0.5   0.718    0.0
  35   1.311    0.0   1.387    0.0   1.314    0.0   0.746    0.0   1.401    0.0   0.699    0.0
  36   1.442    0.0   1.343    0.0   1.287    0.0   0.722    0.0   1.361    0.0   0.638    0.0
  37   1.252    0.0   1.308    0.1   1.251    0.0   0.766    0.0   1.316    0.0   0.612    0.0
  38   1.228    0.0   1.280    0.0   1.230    0.0   0.656    0.0   1.285    0.0   0.572    0.0
  39   1.203    0.0   1.263    0.0   1.200    0.0   0.619    0.0   1.265    0.0   0.564    0.0
  40   1.339    0.0   1.226    0.0   1.186    0.0   0.598    0.0   1.234    0.0   0.530    0.0
  41   1.161    0.0   1.207    0.0   1.163    0.0   0.580    0.0   1.211    0.0   0.508    0.0
  42   1.147    0.0   1.183    0.0   1.146    0.0   0.649    0.0   1.190    0.0   0.476    0.0
  43   1.130    0.0   1.165    0.0   1.126    0.0   0.548    0.1   1.174    0.8   0.473    0.0
  44   1.117    0.0   1.376    0.0   1.123    0.0   0.518    0.0   1.155    0.0   0.456    0.0
  45   1.103    0.0   1.132    0.0   1.103    0.0   0.569    0.0   1.138    0.0   0.455    0.1
  46   1.093    0.1   1.122    0.0   1.093    0.0   0.492    0.0   1.125    0.0   0.408    0.0
  47   1.087    0.1   1.108    0.0   1.080    0.0   0.468    0.0   1.112    0.0   0.413    0.0
  48   1.074    0.1   1.096    0.0   1.069    0.0   0.461    0.0   1.100    0.0   0.410    0.0
  49   1.062    0.0   1.086    0.0   1.062    0.0   0.453    0.0   1.143    0.4   0.383    0.1
  50   1.050    0.0   1.076    0.0   1.054    0.0   0.478    0.0   1.085    0.0   0.360    0.0
  51   1.048    0.0   1.090    0.0   1.046    0.2   0.434    0.0   1.069    0.0   0.382    0.0
  52   1.041    0.0   1.065    0.0   1.040    0.0   0.417    0.0   1.059    0.0   0.372    0.0
  53   1.034    0.0   1.048    0.0   1.037    0.0   0.414    0.0   1.052    0.0   0.353    0.0
  54   1.029    0.0   1.039    0.0   1.033    0.1   0.414    0.0   1.044    0.0   0.342    0.0
  55   1.028    0.1   1.033    0.1   1.022    0.0   0.389    0.0   1.036    0.0   0.354    0.0
  56   1.019    0.0   1.026    0.0   1.019    0.0   0.391    0.0   1.029    0.0   0.346    0.0
  57   1.026    0.0   1.106    0.0   1.032    0.0   0.391    0.0   1.102    0.0   0.337    0.0
  58   1.011    0.0   1.031    0.0   1.011    0.0   0.383    0.0   1.276    0.0   0.319    0.0
  59   1.010    0.0   1.214    0.0   1.007    0.1   0.366    0.0   1.013    0.0   0.343    0.0
  60   1.138    0.0   1.003    0.0   1.005    0.0   0.398    0.0   1.006    0.0   0.347    0.0
  61   1.001    0.1   0.998    0.0   1.001    0.1   0.367    0.0   1.002    0.0   0.340    0.0
  62   1.000    0.0   0.993    0.0   0.998    0.0   0.391    0.0   1.001    0.0   0.323    0.0
  63   0.994    0.0   0.990    0.0   1.000    0.0   0.354    0.0   0.993    0.0   0.355    0.0
  64   1.426    0.0   1.508    0.0   1.087    0.0   0.348    0.0   1.433    0.0   0.325    0.0
  65   0.993    0.0   0.982    0.0   0.996    0.0   0.348    0.0   0.985    0.0   0.351    0.0
  66   0.987    0.0   0.978    0.0   0.991    0.0   0.361    0.0   0.981    0.0   0.328    0.0
  67   0.988    0.0   0.975    0.0   0.990    0.0   0.334    0.0   0.977    0.0   0.348    0.0
  68   0.984    0.0   0.977    0.0   0.990    0.0   0.339    0.0   0.974    0.0   0.353    0.0
  69   0.988    0.2   0.977    0.0   0.986    0.0   0.335    0.0   1.273    0.0   0.340    0.0
  70   0.982    0.1   1.203    0.0   0.984    0.0   0.330    0.0   1.178    0.0   0.321    0.0
  71   1.064    0.2   1.120    0.0   0.984    0.0   0.342    0.0   0.969    0.0   0.340    0.0
  72   1.064    0.0   0.960    0.0   0.982    0.0   0.326    0.0   0.997    0.0   0.350    0.0
  73   1.038    0.0   1.106    0.0   1.035    0.0   0.329    0.0   1.089    0.0   0.331    0.0
  74   0.981    0.0   0.961    0.0   0.986    0.0   0.364    0.1   0.957    0.0   0.312    0.0
  75   0.983    0.0   0.957    0.0   0.995    0.0   0.314    0.0   0.959    0.0   0.327    0.0
  76   0.987    0.1   0.951    0.0   0.984    0.0   0.317    0.0   0.954    0.0   0.334    0.0
  77   0.989    0.0   0.952    0.0   0.999    0.0   0.313    0.0   0.953    0.0   0.321    0.0
  78   1.000    0.2   0.950    0.0   0.997    0.0   0.324    0.0   0.949    0.0   0.302    0.0
  79   0.999    0.0   0.951    0.0   1.011    0.0   0.318    0.0   0.949    0.0   0.320    0.0
  80   0.998    0.1   0.948    0.0   0.995    0.0   0.308    0.0   1.257    0.0   0.328    0.0
  81   1.004    0.0   1.182    0.0   1.012    0.0   0.309    0.0   1.211    0.0   0.315    0.0
  82   1.092    0.1   1.172    0.0   1.009    0.0   0.326    0.0   1.127    0.0   0.303    0.0
  83   1.016    0.1   1.124    0.0   1.029    0.0   0.316    0.0   0.942    0.0   0.318    0.0
  84   1.020    0.1   0.938    0.0   1.011    0.0   0.306    0.0   0.946    0.0   0.321    0.0
  85   1.016    0.0   0.943    0.0   1.113    0.0   0.305    0.0   0.942    0.0   0.308    0.0
  86   1.016    0.0   0.936    0.0   1.113    0.0   0.334    0.0   0.940    0.0   0.289    0.0
  87   1.116    0.1   0.938    0.0   1.031    0.0   0.301    0.0   0.937    0.0   0.309    0.0
  88   1.029    0.1   0.935    0.1   1.020    0.0   0.301    0.0   0.989    0.0   0.315    0.0
  89   1.031    0.1   0.935    0.0   1.039    0.0   0.295    0.0   0.933    0.0   0.304    0.0
  90   1.027    0.1   0.932    0.0   1.033    0.0   0.329    0.0   0.931    0.0   0.285    0.0
  91   1.034    0.2   0.931    0.0   1.061    0.0   0.294    0.0   1.034    0.0   0.305    0.0
  92   1.068    0.1   1.049    0.1   1.034    0.0   0.299    0.0   1.186    0.2   0.313    0.0
  93   1.126    0.0   1.133    0.0   1.140    0.0   0.298    0.0   1.153    0.0   0.301    0.0
  94   1.107    0.1   1.042    0.0   1.117    0.1   0.298    0.1   1.078    0.0   0.283    0.0
  95   1.105    0.1   1.037    0.1   1.120    0.0   0.291    0.0   1.069    0.0   0.301    0.0
  96   1.174    0.1   1.232    0.0   1.131    0.0   0.303    0.0   1.282    0.1   0.309    0.0
  97   1.113    0.2   1.029    0.1   1.123    0.0   0.293    0.0   1.061    0.0   0.297    0.0
  98   1.124    0.2   1.037    0.1   1.130    0.0   0.300    0.0   1.061    0.0   0.280    0.0
  99   1.123    0.3   1.033    0.0   1.133    0.0   0.298    0.0   1.055    0.0   0.297    0.0
 100   1.121    0.2   1.047    0.0   1.136    0.1   0.301    0.1   1.051    0.0   0.306    0.0
 101   1.130    0.2   1.041    0.1   1.137    0.0   0.285    0.1   1.057    0.0   0.293    0.0
 102   1.136    0.2   1.048    0.0   1.142    0.0   0.299    0.1   1.047    0.0   0.275    0.0
 103   1.130    0.2   1.031    0.0   1.136    0.0   0.286    0.1   0.993    0.0   0.294    0.0
 104   1.127    0.2   0.995    0.0   1.130    0.1   0.294    0.1   1.036    0.0   0.305    0.0
 105   1.135    0.2   0.997    0.1   1.139    0.0   0.301    0.1   0.996    0.0   0.291    0.1
 106   1.127    0.2   0.989    0.0   1.142    0.1   0.309    0.1   0.989    0.0   0.272    0.1
 107   1.129    0.3   0.990    0.1   1.149    0.1   0.305    0.1   0.988    0.0   0.290    0.0
 108   1.132    0.3   0.992    0.0   1.143    0.1   0.287    0.1   0.990    0.0   0.301    0.0
 109   1.131    0.3   0.995    0.1   1.139    0.1   0.282    0.1   0.985    0.0   0.291    0.1
 110   1.134    0.2   0.992    0.0   1.137    0.1   0.285    0.1   0.985    0.0   0.269    0.0
 111   1.127    0.2   0.982    0.0   1.141    0.1   0.279    0.1   0.986    0.0   0.287    0.1
 112   1.129    0.2   0.986    0.0   1.139    0.1   0.278    0.1   1.032    0.0   0.300    0.1
 113   1.137    0.2   1.010    0.1   1.146    0.1   0.278    0.1   1.003    0.0   0.284    0.1
 114   1.136    0.2   0.992    0.0   1.152    0.1   0.291    0.1   1.028    0.0   0.267    0.1
 115   1.133    0.2   0.980    0.1   1.144    0.1   0.285    0.1   0.979    0.0   0.286    0.1
 116   1.133    0.2   0.981    0.1   1.145    0.1   0.295    0.1   0.980    0.0   0.297    0.1
 117   1.140    0.2   0.992    0.1   1.147    0.1   0.289    0.1   0.983    0.0   0.282    0.1
 118   1.148    0.2   0.981    0.0   1.157    0.1   0.281    0.1   0.977    0.0   0.264    0.1
 119   1.142    0.2   0.975    0.1   1.150    0.1   0.275    0.1   0.972    0.1   0.283    0.1
 120   1.145    0.3   0.978    0.1   1.153    0.1   0.294    0.1   1.031    0.1   0.294    0.1
 121   1.147    0.3   0.980    0.1   1.155    0.1   0.276    0.1   0.972    0.1   0.282    0.1
 122   1.149    0.2   0.979    0.0   1.155    0.1   0.294    0.1   1.014    0.5   0.264    0.1
 123   1.155    0.3   0.985    0.1   1.168    0.1   0.282    0.1   0.984    0.9   0.284    0.3
 124   1.150    0.3   0.989    0.1   1.168    0.1   0.279    0.1   0.977    1.0   0.293    0.4
 125   1.153    0.3   0.992    0.1   1.167    0.1   0.284    0.1   0.983    1.0   0.283    1.0
 126   1.156    0.3   1.006    0.2   1.178    0.3   0.283    0.2   1.010    3.0   0.270    1.1
 127   1.167    0.5   1.000    0.1   1.194    0.4   0.397    0.5   1.062    3.2   0.395    1.1
 128   1.970    0.5   3.127    2.9   1.822    0.1   0.413    0.6   3.170    3.1   0.303    1.3
 129   1.232    1.0   1.179    0.5   1.219    0.4   0.321    0.3   1.005    0.9   0.410    1.3
 130   1.190    0.4   1.077    0.5   1.207    0.4   0.370    0.5   1.118    2.5   0.270    1.6
 131   1.205    0.5   1.083    0.4   1.219    0.4   0.268    0.1   1.028    2.2   0.286    1.7
 132   1.199    0.6   1.047    0.6   1.206    0.5   0.282    0.1   1.016    2.6   0.299    1.6
 133   1.169    0.3   0.971    0.1   1.182    0.1   0.272    0.1   0.992    2.3   0.284    1.6
 134   1.170    0.2   0.969    0.1   1.177    0.1   0.278    0.1   0.998    2.5   0.267    1.5
 135   1.179    0.3   0.972    0.1   1.183    0.1   0.273    0.1   1.008    2.1   0.285    1.6
 136   1.181    0.3   0.970    0.2   1.180    0.1   0.274    0.1   1.046    3.3   0.428    1.5
 137   1.196    0.6   0.974    0.2   1.188    0.2   0.270    0.1   1.002    2.0   0.284    1.4
 138   1.193    0.4   0.979    0.1   1.190    0.2   0.263    0.1   1.016    2.5   0.266    1.4
 139   1.185    0.3   0.979    0.1   1.190    0.1   0.274    0.1   1.004    2.2   0.283    1.4
 140   1.184    0.3   0.977    0.1   1.183    0.1   0.276    0.1   1.012    1.7   0.293    1.4
 141   1.174    0.3   0.978    0.1   1.188    0.2   0.268    0.1   0.997    2.3   0.281    1.4
 142   1.174    0.3   0.976    0.1   1.177    0.1   0.263    0.1   1.000    2.3   0.262    1.4
 143   1.181    0.3   0.977    0.1   1.187    0.1   0.267    0.1   1.022    2.3   0.282    1.3
 144   1.190    0.4   1.112    0.1   1.211    0.1   0.269    0.1   1.156    1.6   0.293    1.4
 145   1.186    0.3   1.341    0.6   1.227    0.2   0.268    0.1   1.011    2.4   0.280    1.4
 146   1.181    0.2   0.978    0.1   1.177    0.1   0.267    0.1   1.003    1.9   0.261    1.3
 147   1.180    0.3   0.968    0.1   1.187    0.1   0.267    0.1   0.982    0.5   0.279    1.3
 148   1.181    0.3   0.958    0.1   1.187    0.1   0.273    0.1   1.006    2.2   0.291    1.2
 149   1.180    0.5   0.972    0.1   1.205    0.5   0.278    0.2   1.055    2.0   0.293    1.2
 150   1.199    0.6   0.969    0.1   1.196    0.3   0.265    0.2   1.059    2.1   0.272    1.3
 151   1.215    0.9   1.030    0.4   1.457    1.5   0.474    0.9   2.001    4.2   0.405    1.5
 152   1.229    0.8   0.980    0.3   1.193    0.2   0.271    0.1   1.025    2.9   0.291    1.2
 153   1.189    0.2   0.961    0.1   1.192    0.1   0.266    0.1   0.994    1.7   0.279    1.0
 154   1.193    0.4   0.973    0.2   1.200    0.3   0.265    0.2   1.009    1.0   0.262    1.1
 155   1.193    0.4   0.960    0.1   1.203    0.3   0.273    0.1   1.007    2.1   0.280    1.1
 156   1.185    0.4   0.976    0.2   1.201    0.4   0.275    0.1   1.027    2.1   0.292    1.1
 157   1.192    0.4   1.246    0.7   1.495    0.9   0.382    0.4   1.437    2.7   0.277    0.9
 158   1.190    0.3   0.969    0.2   1.210    0.4   0.263    0.1   1.009    2.0   0.263    1.1
 159   1.198    0.7   0.970    0.3   1.207    0.3   0.272    0.1   1.005    1.9   0.278    1.0
 160   1.317    0.1   1.786    0.1   1.235    0.0   0.259    0.1   1.788    0.7   0.288    1.0
 161   1.193    0.4   0.967    0.4   1.199    0.1   0.266    0.1   0.994    1.9   0.277    0.9
 162   1.196    0.5   0.959    0.5   1.198    0.1   0.259    0.1   0.988    1.5   0.258    1.0
 163   1.201    0.6   0.984    0.7   1.206    0.1   0.266    0.1   1.023    1.9   0.280    1.0
 164   1.207    0.8   0.999    0.8   1.212    0.4   0.282    0.2   1.020    2.3   0.293    0.9
 165   1.209    0.7   0.964    0.5   1.206    0.1   0.265    0.1   0.988    2.0   0.276    0.9
 166   1.204    0.6   0.956    0.5   1.204    0.1   0.267    0.1   0.973    1.6   0.258    0.9
 167   1.211    0.6   0.973    0.5   1.209    0.1   0.264    0.1   0.987    1.8   0.277    0.9
 168   1.202    0.7   0.968    1.2   1.205    0.1   0.269    0.1   1.020    4.7   0.288    0.9
 169   1.208    0.4   0.976    0.8   1.206    0.1   0.264    0.1   0.979    1.2   0.276    0.9
 170   1.216    0.9   1.012    1.1   1.206    0.1   0.262    0.1   1.029    3.4   0.259    0.9
 171   1.225    0.4   1.753    1.2   1.327    0.1   0.283    0.1   1.520    1.0   0.279    1.0
 172   1.211    0.8   0.991    0.8   1.208    0.1   0.270    0.1   1.004    1.2   0.287    0.8
 173   1.205    0.6   0.983    0.9   1.203    0.1   0.264    0.1   0.979    0.5   0.275    0.9
 174   1.208    0.8   0.974    1.2   1.207    0.1   0.267    0.1   0.983    1.9   0.257    0.9
 175   1.213    0.7   0.980    1.3   1.206    0.1   0.262    0.1   0.978    1.4   0.275    0.9
 176   1.217    0.9   1.386    1.0   1.205    0.1   0.262    0.1   1.395    1.2   0.287    0.8
 177   1.213    0.8   0.993    2.0   1.216    0.1   0.262    0.1   0.984    1.8   0.274    0.8
 178   1.218    0.9   0.995    3.2   1.209    0.1   0.258    0.1   0.989    3.0   0.258    0.9
 179   1.218    0.8   0.976    0.9   1.217    0.1   0.261    0.1   0.970    1.1   0.275    0.8
 180   1.218    0.7   0.990    1.5   1.218    0.1   0.275    0.1   0.995    1.8   0.287    0.8
 181   1.218    0.7   0.971    0.6   1.221    0.1   0.262    0.1   0.967    0.8   0.276    0.9
 182   1.221    0.9   0.990    1.4   1.220    0.1   0.259    0.1   0.983    1.5   0.258    0.8
 183   1.243    1.1   1.008    1.2   1.222    0.1   0.262    0.1   1.021    0.9   0.278    1.0
 184   1.221    0.8   0.966    3.1   1.216    0.1   0.266    0.1   1.011    3.3   0.286    0.9
 185   1.232    0.9   0.995    1.3   1.397    1.0   0.299    0.4   1.079    2.1   0.294    1.2
 186   1.261    1.4   1.056    4.6   1.236    0.3   0.264    0.3   1.031    4.6   0.265    1.1
 187   1.247    1.2   1.022    1.8   1.248    0.5   0.268    0.2   0.986    1.2   0.277    1.0
 188   1.235    1.0   1.000    2.3   1.254    0.7   0.270    0.3   1.013    2.3   0.289    1.0
 189   1.236    1.0   1.016    2.4   1.250    0.6   0.263    0.4   0.988    1.5   0.276    0.9
 190   1.233    1.0   0.972    1.4   1.242    0.5   0.274    0.6   0.965    0.9   0.259    1.0
 191   1.234    1.0   0.977    1.3   1.246    0.5   0.263    0.5   0.970    1.3   0.275    0.9
 192   1.869    0.4   2.075    1.3   1.747    0.1   0.257    0.5   2.045    0.8   0.287    1.3
 193   1.229    0.9   0.971    1.3   1.236    0.5   0.262    0.5   0.967    1.0   0.275    0.9
 194   1.231    1.1   1.013    2.9   1.245    0.7   0.264    0.6   0.975    1.3   0.259    1.0
 195   1.238    0.7   1.227    1.7   1.237    0.3   0.264    0.5   1.213    1.4   0.274    1.1
 196   1.233    1.1   0.971    2.7   1.238    0.5   0.267    0.5   0.975    1.8   0.287    1.1
 197   1.249    0.5   1.287    1.4   1.239    0.0   0.273    0.6   1.356    1.3   0.277    1.2
 198   1.237    1.2   0.983    3.5   1.238    0.4   0.261    0.5   0.976    2.3   0.260    1.3
 199   1.237    1.1   1.008    5.1   1.238    0.6   0.259    0.5   1.012    5.1   0.275    1.1
 200   1.236    1.2   0.969    6.0   1.233    0.7   0.263    0.5   1.011    6.1   0.289    1.2
 201   1.235    1.2   0.992    3.6   1.239    0.5   0.261    0.5   0.978    2.0   0.276    1.3
 202   1.237    1.3   1.029    5.3   1.248    0.7   0.267    0.7   0.995    4.6   0.261    1.4
 203   1.236    1.2   0.997    3.1   1.242    0.7   0.259    0.5   0.971    1.5   0.276    1.4
 204   1.236    1.4   0.991    6.0   1.241    1.5   0.271    0.6   1.012    5.5   0.293    1.3
 205   1.252    0.5   1.430    1.5   1.253    0.1   0.273    0.8   1.526    1.2   0.278    1.5
 206   1.236    1.4   1.013    3.6   1.235    1.3   0.256    0.9   1.004    2.3   0.260    1.4
 207   1.236    1.3   1.054    2.7   1.239    1.7   0.263    0.9   1.062    3.0   0.277    1.4
 208   1.273    0.9   1.460    1.9   1.307    1.8   0.268    0.9   1.447    2.4   0.296    1.5
 209   1.256    1.6   1.096    3.5   1.256    1.7   0.267    0.9   1.084    4.2   0.286    1.5
 210   1.253    1.6   1.033    6.0   1.244    1.9   0.258    1.3   1.047    7.0   0.265    1.7
 211   1.240    1.4   1.064    3.7   1.243    1.7   0.261    1.1   1.052    3.6   0.278    1.5
 212   1.241    1.4   1.000    6.7   1.243    1.8   0.267    1.1   1.032    6.4   0.294    1.5
 213   1.244    1.5   1.029    6.2   1.248    1.7   0.265    1.2   1.008    4.1   0.280    1.6
 214   1.238    1.5   1.009    6.1   1.243    2.1   0.265    1.4   0.997    3.8   0.267    1.6
 215   1.246    1.5   1.041    7.8   1.252    1.7   0.269    1.2   1.020    5.2   0.279    1.5
 216   1.241    1.5   0.982   11.4   1.238    2.6   0.270    1.3   1.023    9.1   0.295    1.5
 217   1.239    1.5   1.044    6.7   1.245    1.9   0.265    1.2   1.042    5.9   0.279    1.5
 218   1.239    1.5   1.018    7.4   1.247    1.8   0.256    1.3   1.009    6.0   0.262    1.6
 219   1.241    1.6   1.083    4.3   1.247    1.8   0.261    1.2   1.075    3.7   0.278    1.6
 220   1.242    1.6   1.016    6.2   1.249    1.8   0.267    1.3   1.032    5.6   0.290    1.6
 221   1.243    1.5   1.040    6.7   1.250    1.9   0.265    1.4   1.015    5.2   0.278    1.7
 222   1.247    1.5   1.014    6.0   1.255    1.8   0.263    1.6   1.005    4.8   0.264    1.8
 223   1.249    1.5   1.041    7.7   1.258    1.9   0.266    1.6   1.037    7.3   0.280    1.6
 224   1.332    0.3   1.810    1.7   1.288    0.2   0.261    1.4   1.808    1.5   0.293    1.7
 225   1.259    1.7   1.052    7.4   1.268    1.9   0.264    1.5   1.056    7.3   0.280    1.7
 226   1.247    1.5   1.023    6.9   1.251    1.7   0.260    1.5   1.013    5.5   0.265    1.7
 227   1.245    1.5   1.069    6.5   1.266    2.1   0.266    1.5   1.065    6.3   0.279    1.6
 228   1.249    1.6   1.005    7.5   1.257    2.2   0.266    1.4   1.035    7.4   0.291    1.6
 229   1.251    1.5   1.071    8.2   1.261    2.2   0.264    1.3   1.061    7.8   0.282    1.7
 230   1.251    1.6   1.018    7.8   1.256    2.3   0.260    1.5   1.005    6.3   0.267    1.9
 231   1.250    1.7   1.076    6.0   1.260    3.3   0.264    1.5   1.066    6.2   0.281    1.8
 232   1.253    1.6   0.983   14.1   1.258    5.5   0.266    1.4   1.023   14.9   0.293    1.8
 233   1.253    1.7   1.144    3.7   1.260    1.9   0.299    2.5   1.153    3.7   0.284    2.0
 234   1.253    1.7   1.055    7.4   1.257    2.6   0.260    1.7   1.040    7.5   0.266    2.1
 235   1.252    1.7   1.056    8.5   1.264    3.5   0.264    1.5   1.034    6.8   0.281    1.9
 236   1.252    1.7   1.002   10.0   1.254    2.8   0.267    1.4   1.000    9.6   0.294    1.9
 237   1.250    1.7   1.086    6.7   1.262    2.7   0.268    1.6   1.074    6.5   0.283    2.0
 238   1.251    1.7   1.037    9.5   1.261    2.5   0.259    1.7   1.025    9.2   0.267    2.1
 239   1.262    0.7   1.395    2.6   1.265    0.2   0.265    1.5   1.448    2.4   0.282    2.1
 240   1.294    0.6   1.433    3.4   1.271    1.5   0.264    1.5   1.422    3.2   0.294    1.8
 241   1.261    0.7   1.395    2.6   1.264    0.2   0.265    1.5   1.454    2.5   0.283    2.0
 242   1.250    1.7   1.029   10.4   1.262    3.2   0.259    1.7   1.023   10.9   0.277    2.2
 243   1.253    1.8   1.087    6.8   1.266    2.7   0.264    1.6   1.079    6.7   0.284    2.1
 244   1.252    1.8   1.007    8.9   1.257    2.2   0.268    1.5   1.048    8.7   0.295    1.9
 245   1.253    1.7   1.146    3.9   1.261    2.6   0.264    1.4   1.159    3.6   0.285    2.1
 246   1.254    1.8   1.036    8.1   1.261    3.0   0.259    1.4   1.035    7.6   0.267    2.1
 247   1.253    1.8   1.093    5.8   1.273    3.5   0.265    1.2   1.104    5.8   0.283    2.0
 248   1.256    1.9   1.005   16.4   1.263    7.0   0.265    1.1   1.025   16.5   0.299    2.0
 249   1.261    1.9   1.119    5.0   1.264    2.4   0.262    1.2   1.120    4.6   0.285    2.0
 250   1.257    2.0   1.037    8.6   1.258    2.9   0.264    1.5   1.029    8.0   0.267    2.2
 251   1.255    2.0   1.145    3.8   1.262    2.1   0.264    1.4   1.159    3.3   0.280    2.0
 252   1.254    2.0   1.011   12.1   1.261    2.8   0.268    1.3   1.009   11.0   0.296    2.0
 253   1.263    2.0   1.115    4.6   1.268    2.9   0.265    1.3   1.122    4.1   0.283    2.0
 254   1.267    2.1   1.088    9.9   1.268    3.2   0.261    1.4   1.012    8.3   0.281    5.1
 255   1.264    2.1   1.097    9.3   1.283    3.1   0.283    1.3   1.111    9.3   0.285    2.2
 256   3.957   29.7  11.632    6.1   1.978   23.3   0.133    1.2  12.379    5.7   0.150    2.9
 257   0.663    2.0   0.584    5.4   0.670    2.8   0.138    1.3   0.727    3.7   0.154    1.9
 258   0.663    2.0   0.550    8.1   0.659    3.0   0.133    1.5   0.544    7.3   0.138    2.0
 259   0.658    2.0   0.587    4.2   0.660    3.2   0.136    1.4   0.585    4.0   0.146    2.0
 260   0.658    2.1   0.540    7.3   0.659    3.2   0.138    1.3   0.537    7.1   0.154    2.0
 261   0.657    2.0   0.597    3.8   0.660    2.8   0.137    1.4   0.593    3.7   0.147    2.1
 262   0.658    2.1   0.565    4.9   0.659    3.3   0.137    1.5   0.572    4.7   0.139    2.3
 263   0.659    2.0   0.610    3.7   0.661    3.0   0.136    1.3   0.611    3.6   0.147    2.1
 264   0.658    2.1   0.561    7.7   0.659   11.5   0.137    1.3   0.562    7.7   0.153    2.1
 265   0.659    2.1   0.603    3.9   0.661    3.2   0.138    1.5   0.607    3.8   0.147    2.2
 266   0.658    2.1   0.573    4.9   0.660    3.3   0.135    1.5   0.569    4.9   0.139    2.3
 267   0.658    2.0   0.640    3.6   0.661    3.3   0.136    1.4   0.630    3.6   0.147    2.1
 268   0.659    2.1   0.578    5.1   0.660    3.2   0.138    1.3   0.575    4.9   0.154    2.0
 269   0.658    2.1   0.596    4.3   0.660    3.4   0.137    1.4   0.590    4.1   0.147    2.1
 270   0.658    2.2   0.604    4.3   0.660    3.7   0.132    1.4   0.601    4.0   0.139    2.2
 271   0.660    0.8   0.730    3.1   0.662    2.8   0.136    1.4   0.724    3.0   0.158    2.1
 272   0.688    0.4   0.809    3.4   0.669    0.5   0.136    1.3   0.793 