#  n     IJK     IKJ     JIK     JKI     KIJ     KJI
#--- ------- ------- ------- ------- ------- -------
  16   0.876   0.920   0.873   0.912   0.897   0.900
  17   0.849   0.886   0.845   0.878   0.866   0.870
  18   0.827   0.869   0.825   0.868   0.856   0.863
  19   0.810   0.859   0.812   0.853   0.852   0.846
  20   0.796   0.841   0.795   0.838   0.840   0.841
  21   0.784   0.834   0.785   0.833   0.829   0.834
  22   0.774   0.825   0.775   0.826   0.816   0.863
  23   0.766   0.874   0.767   0.819   0.815   0.819
  24   0.760   0.821   0.758   0.817   0.812   0.814
  25   0.753   0.814   0.752   0.811   0.806   0.811
  26   0.751   0.813   0.748   0.818   0.806   0.808
  27   0.744   0.836   0.744   0.811   0.802   0.803
  28   0.741   0.804   0.739   0.807   0.798   0.814
  29   0.736   0.810   0.737   0.842   0.802   0.801
  30   0.733   0.807   0.733   0.806   0.800   0.799
  31   0.732   0.806   0.731   0.804   0.797   0.798
  32   0.729   0.800   0.728   0.814   0.797   0.798
  33   0.727   0.800   0.731   0.799   0.795   0.807
  34   0.724   0.801   0.725   0.802   0.796   0.792
  35   0.723   0.799   0.726   0.801   0.795   0.793
  36   0.722   0.798   0.722   0.799   0.794   0.789
  37   0.721   0.797   0.721   0.797   0.790   0.795
  38   0.719   0.800   0.719   0.798   0.795   0.804
  39   0.718   0.796   0.719   0.798   0.793   0.793
  40   0.717   0.795   0.717   0.803   0.793   0.793
  41   0.716   0.795   0.716   0.796   0.793   0.792
  42   0.715   0.796   0.716   0.797   0.797   0.791
  43   0.715   0.796   0.715   0.940   0.856   0.810
  44   0.719   0.796   0.719   0.807   0.974   0.800
  45   0.713   0.797   0.713   0.798   0.792   0.792
  46   0.712   0.795   0.717   0.796   0.792   0.792
  47   0.714   0.796   0.715   0.801   0.789   0.790
  48   0.711   0.794   0.712   0.796   0.799   0.792
  49   0.712   0.795   0.711   0.795   0.800   0.792
  50   0.712   0.796   0.711   0.799   0.792   0.799
  51   0.710   0.795   0.710   0.796   0.792   0.792
  52   0.709   0.795   0.709   0.795   0.790   0.793
  53   0.709   0.795   0.713   0.796   0.795   0.792
  54   0.709   0.795   0.709   0.796   0.792   0.793
  55   0.708   0.794   0.709   0.795   0.792   0.793
  56   0.708   0.795   0.709   0.795   0.792   0.793
  57   0.707   0.881   0.708   0.796   0.790   0.793
  58   0.707   0.800   0.708   0.797   0.792   0.794
  59   0.788   0.795   0.795   0.796   0.908   0.903
  60   0.707   0.796   0.711   0.797   0.792   0.793
  61   0.707   0.795   0.707   0.797   0.792   0.793
  62   0.706   0.795   0.706   0.796   0.790   0.792
  63   0.706   0.794   0.707   0.795   0.792   0.793
  64   0.706   0.799   0.706   0.797   0.794   0.794
  65   0.710   0.796   0.713   0.799   0.797   0.797
  66   0.711   0.799   0.712   0.798   0.800   0.798
  67   0.714   0.795   0.712   0.798   0.792   0.799
  68   0.715   0.884   0.713   0.798   0.794   0.800
  69   0.714   0.873   0.714   0.800   0.794   0.800
  70   0.786   0.796   0.792   0.799   0.909   0.895
  71   0.794   0.795   0.790   0.798   0.880   0.866
  72   0.709   0.795   0.715   0.798   0.794   0.799
  73   0.711   0.798   0.712   0.801   0.796   0.801
  74   0.712   0.797   0.712   0.801   0.796   0.801
  75   0.712   0.796   0.716   0.802   0.796   0.803
  76   0.715   0.796   0.713   0.802   0.797   0.801
  77   0.715   0.796   0.713   0.805   0.793   0.804
  78   0.713   0.797   0.714   0.804   0.796   0.804
  79   0.717   0.869   0.714   0.807   0.796   0.805
  80   0.715   0.863   0.714   0.808   0.796   0.813
  81   0.772   0.866   0.775   0.814   0.867   0.900
  82   0.772   0.874   0.775   0.810   0.889   0.899
  83   0.777   0.796   0.780   0.810   0.890   0.872
  84   0.717   0.797   0.722   0.810   0.795   0.817
  85   0.718   0.799   0.722   0.809   0.797   0.811
  86   0.718   0.797   0.721   0.811   0.798   0.811
  87   0.717   0.798   0.722   0.811   0.794   0.811
  88   0.718   0.797   0.722   0.810   0.796   0.811
  89   0.718   0.798   0.723   0.808   0.795   0.810
  90   0.718   0.888   0.722   0.813   0.796   0.812
  91   0.719   0.862   0.724   0.809   0.867   0.827
  92   0.722   0.863   0.722   0.815   0.878   0.813
  93   0.784   0.865   0.819   0.874   0.876   0.891
  94   0.821   0.862   0.805   0.870   0.887   0.889
  95   0.809   0.871   0.805   0.875   0.888   0.890
  96   0.809   0.860   0.803   0.899   0.874   0.897
  97   0.809   0.861   0.804   0.874   0.880   0.887
  98   0.805   0.863   0.802   0.873   0.881   0.890
  99   0.763   0.849   0.763   0.862   0.873   0.888
 100   0.758   0.848   0.761   0.862   0.879   0.883
 101   0.758   0.856   0.759   0.862   0.878   0.898
 102   0.753   0.846   0.753   0.861   0.862   0.882
 103   0.790   0.854   0.787   0.865   0.869   0.890
 104   0.794   0.861   0.791   0.866   0.869   0.882
 105   0.791   0.868   0.791   0.874   0.878   0.887
 106   0.793   0.863   0.788   0.874   0.884   0.884
 107   0.792   0.856   0.790   0.869   0.872   0.885
 108   0.749   0.847   0.762   0.861   0.875   0.876
 109   0.795   0.857   0.753   0.868   0.875   0.884
 110   0.747   0.861   0.755   0.870   0.875   0.881
 111   0.750   0.859   0.762   0.870   0.872   0.888
 112   0.751   0.848   0.748   0.864   0.871   0.882
 113   0.750   0.850   0.747   0.866   0.853   0.882
 114   0.756   0.857   0.747   0.870   0.862   0.880
 115   0.748   0.853   0.751   0.870   0.861   0.882
 116   0.744   0.866   0.748   0.872   0.857   0.880
 117   0.745   0.850   0.745   0.862   0.870   0.878
 118   0.744   0.854   0.746   0.865   0.848   0.877
 119   0.747   0.862   0.752   0.870   0.858   0.877
 120   0.744   0.870   0.755   0.869   0.866   0.883
 121   0.752   0.852   0.755   0.862   0.860   0.875
 122   0.743   0.849   0.746   0.863   0.862   0.874
 123   0.744   0.852   0.750   0.863   0.859   0.875
 124   0.743   0.844   0.751   0.862   0.868   0.873
 125   0.743   0.844   0.744   0.862   0.863   0.876
 126   0.782   0.850   0.785   0.863   0.850   0.876
 127   0.782   0.840   0.785   0.860   0.860   0.876
 128   0.742   0.847   0.743   0.862   0.861   0.873
 129   0.759   0.841   0.745   0.862   0.863   0.871
 130   0.785   0.847   0.754   0.867   0.871   0.874
 131   0.739   0.848   0.748   0.864   0.876   0.874
 132   0.750   0.847   0.755   0.864   0.860   0.872
 133   0.739   0.847   0.742   0.866   0.858   0.872
 134   0.740   0.855   0.742   0.876   0.846   0.874
 135   0.749   0.854   0.758   0.868   0.855   0.872
 136   0.752   0.846   0.751   0.874   0.858   0.876
 137   0.784   0.847   0.751   0.884   0.851   0.888
 138   0.742   0.858   0.759   0.882   0.858   0.886
 139   0.743   0.849   0.765   0.883   0.855   0.887
 140   0.784   0.841   0.789   0.893   0.855   0.892
 141   0.783   0.841   0.789   0.894   0.850   0.893
 142   0.783   0.840   0.790   0.891   0.859   0.892
 143   0.763   0.859   0.789   0.893   0.842   0.889
 144   0.783   0.839   0.780   0.894   0.846   0.897
 145   0.783   0.856   0.790   0.894   0.861   0.899
 146   0.783   0.841   0.789   0.897   0.853   0.898
 147   0.783   0.845   0.790   0.902   0.853   0.906
 148   0.784   0.839   0.788   0.899   0.844   0.901
 149   0.781   0.851   0.787   0.896   0.846   0.897
 150   0.781   0.840   0.787   0.901   0.851   0.897
 151   0.781   0.837   0.781   0.896   0.849   0.962
 152   0.763   0.843   0.774   0.901   0.853   0.898
 153   0.756   0.837   0.790   0.906   0.851   0.902
 154   0.748   0.842   0.768   0.900   0.843   0.901
 155   0.753   0.835   0.771   0.900   0.853   0.901
 156   0.749   0.841   0.757   0.902   0.864   0.905
 157   0.770   0.843   0.769   0.902   0.849   0.901
 158   0.772   0.842   0.759   0.900   0.847   0.905
 159   0.752   0.842   0.760   0.903   0.846   0.901
 160   0.780   0.842   0.788   0.910   0.848   0.909
 161   0.763   0.835   0.786   0.917   0.849   0.907
 162   0.772   0.836   0.755   0.904   0.848   0.909
 163   0.770   0.835   0.763   0.903   0.844   0.904
 164   0.762   0.847   0.762   0.903   0.842   0.907
 165   0.769   0.837   0.787   0.909   0.870   0.958
 166   0.785   0.870   0.786   0.910   0.849   0.933
 167   0.801   0.851   0.787   0.908   0.847   0.909
 168   0.779   0.833   0.786   0.907   0.844   0.910
 169   0.743   0.840   0.786   0.911   0.846   0.913
 170   0.779   0.841   0.786   0.907   0.849   0.913
 171   0.779   0.844   0.786   0.908   0.840   0.908
 172   0.779   0.839   0.785   0.908   0.845   0.907
 173   0.778   0.839   0.785   0.912   0.841   0.910
 174   0.778   0.844   0.784   0.910   0.854   0.907
 175   0.770   0.841   0.784   0.907   0.849   0.908
 176   0.740   0.836   0.757   0.912   0.852   0.912
 177   0.750   0.839   0.784   0.913   0.845   0.924
 178   0.772   0.842   0.785   0.914   0.843   0.912
 179   0.761   0.834   0.784   0.909   0.844   0.915
 180   0.779   0.843   0.786   0.913   0.849   0.912
 181   0.781   0.837   0.773   0.910   0.851   0.912
 182   0.761   0.836   0.751   0.909   0.845   0.912
 183   0.760   0.838   0.757   0.909   0.848   0.918
 184   0.757   0.838   0.753   0.911   0.848   0.916
 185   0.747   0.839   0.780   0.918   0.849   0.925
 186   0.770   0.844   0.786   0.913   0.851   0.916
 187   0.748   0.838   0.752   0.913   0.844   0.915
 188   0.758   0.845   0.762   0.915   0.844   0.925
 189   0.777   0.842   0.785   0.914   0.844   0.924
 190   0.777   0.843   0.785   0.912   0.853   0.958
 191   0.789   0.847   0.804   0.921   0.851   0.918
 192   0.771   0.841   0.789   0.928   0.850   0.926
 193   0.773   0.845   0.778   0.927   0.851   0.927
 194   0.784   0.848   0.786   0.924   0.847   0.924
 195   0.782   0.838   0.941   0.923   0.854   0.931
 196   0.780   0.838   0.774   0.925   0.855   0.926
 197   0.770   0.842   0.793   0.927   0.853   0.933
 198   0.784   0.844   0.774   0.914   0.866   0.934
 199   0.757   0.841   0.786   0.924   0.851   0.919
 200   0.782   0.846   0.803   0.937   0.852   0.935
 201   0.785   0.844   0.794   0.931   0.852   0.948
 202   0.787   0.842   0.793   0.927   0.850   1.185
 203   0.788   0.846   0.792   0.927   0.848   0.938
 204   0.783   0.843   0.792   0.928   0.849   0.938
 205   0.785   0.850   1.089   0.928   0.859   0.930
 206   0.778   0.842   0.763   0.925   0.856   0.923
 207   0.761   0.844   0.780   0.919   0.850   0.926
 208   0.759   0.846   0.762   0.923   0.848   0.928
 209   0.759   0.843   0.788   0.928   0.852   0.934
 210   0.761   0.843   0.767   0.925   0.850   0.940
 211   0.760   0.845   0.784   0.923   0.850   0.925
 212   0.766   0.840   0.763   0.922   0.849   0.934
 213   0.769   0.860   0.785   0.925   0.850   0.928
 214   0.756   0.845   0.788   0.927   0.853   0.927
 215   0.750   0.842   0.776   0.922   0.852   0.941
 216   0.780   0.860   0.781   0.926   0.850   0.934
 217   0.764   0.845   0.774   0.928   0.850   0.938
 218   0.770   0.844   0.764   0.925   0.848   0.929
 219   0.770   0.846   0.791   0.925   0.851   0.928
 220   0.776   0.848   0.790   0.927   0.852   0.929
 221   0.766   0.844   0.776   0.924   0.851   0.930
 222   0.770   0.857   0.839   1.065   0.854   0.930
 223   0.774   0.847   0.786   0.925   0.849   0.933
 224   0.775   0.845   0.793   0.928   0.847   0.936
 225   0.786   0.850   0.784   0.930   0.853   0.934
 226   0.777   0.850   0.798   0.930   0.853   0.940
 227   0.784   0.845   0.778   0.929   0.852   0.938
 228   0.791   0.848   0.788   0.929   0.849   0.945
 229   0.784   0.845   0.778   0.940   0.851   0.942
 230   0.777   0.846   0.772   0.928   0.851   0.934
 231   0.779   0.839   0.768   0.925   0.850   0.928
 232   0.777   0.843   0.797   0.930   0.852   0.931
 233   0.760   0.842   0.790   0.926   0.855   0.951
 234   0.795   0.854   0.799   0.930   0.850   0.929
 235   0.780   0.839   0.795   0.927   0.848   0.936
 236   0.782   0.841   0.795   0.928   0.847   0.941
 237   0.783   0.856   0.797   0.928   0.849   0.933
 238   0.783   0.850   0.798   0.934   0.850   0.936
 239   0.784   0.850   0.799   0.935   0.851   0.934
 240   0.786   0.848   0.800   0.938   0.977   0.954
 241   0.788   0.852   0.804   0.944   0.854   0.955
 242   0.788   0.853   0.804   0.939   0.854   0.950
 243   0.790   0.859   0.807   0.941   0.856   0.951
 244   0.789   0.852   0.804   0.942   0.855   0.950
 245   0.788   0.855   0.801   0.940   0.859   0.949
 246   0.789   0.854   0.804   0.934   0.855   0.949
 247   0.787   0.854   0.806   0.942   0.855   0.947
 248   0.786   0.852   0.803   0.937   0.854   0.948
 249   0.786   0.853   0.799   0.942   0.855   0.946
 250   0.785   0.850   0.798   0.937   0.849   0.935
 251   0.782   0.843   0.799   0.937   0.849   0.931
 252   0.779   0.842   0.798   0.935   0.854   0.940
 253   0.780   0.846   0.800   0.937   0.850   0.936
 254   0.782   0.853   0.801   0.935   0.852   0.934
 255   0.781   0.844   0.798   0.936   0.851   0.939
 256   0.795   0.847   0.804   0.941   0.849   0.940
 257   0.799   0.849   0.806   0.940   0.848   0.946
 258   0.809   0.849   0.808   0.941   0.852   0.943
 259   0.806   0.858   0.808   0.933   0.851   0.950
 260   0.811   0.853   0.807   0.937   0.852   0.944
 261   0.811   0.856   0.805   0.938   0.853   0.947
 262   0.811   0.851   0.809   0.941   0.849   0.947
 263   0.814   0.848   0.809   0.937   0.849   0.946
 264   0.825   0.853   0.814   0.936   0.853   0.949
 265   0.826   0.853   0.814   0.942   0.854   0.938
 266   0.812   0.848   0.804   0.930   0.845   0.931
 267   0.821   0.852   0.811   0.930   0.846   0.931
 268   0.819   0.843   0.795   0.936   0.849   0.942
 269   0.810   0.842   0.796   0.930   0.848   0.949
 270   0.818   0.842   0.792   0.932   0.845   0.930
 271   0.811   0.861   0.875   0.944   0.866   0.968
 272   0.859   0.857   0.833   0.949   0.859   0.951
 273   0.855   0.862   0.832   0.946   0.860   0.938
 274   0.837   0.845   0.815   0.932   0.848   0.940
 275   0.833   0.850   0.811   0.933   0.850   0.942
 276   0.837   0.844   0.816   0.932   0.850   0.935
 277   0.836   0.844   0.813   0.934   0.847   0.935
 278   0.840   0.848   0.805   0.930   0.846   0.936
 279   0.834   0.844   0.808   0.930   0.852   0.932
 280   0.849   0.842   0.814   0.935   0.848   0.937
 281   0.861   0.853   0.829   0.939   0.851   0.939
 282   0.843   0.855   0.833   0.937   0.848   0.934
 283   0.855   0.847   0.821   0.930   0.846   0.935
 284   0.850   0.843   0.821   0.936   0.850   0.935
 285   0.851   0.846   0.829   0.934   0.848   0.936
 286   0.856   0.844   0.819   0.936   0.849   0.938
 287   0.847   0.843   0.824   0.935   0.847   0.940
 288   0.861   0.851   0.835   0.935   0.850   0.945
 289   0.863   0.854   0.827   0.938   0.851   0.945
 290   0.858   0.850   0.830   0.937   0.853   0.941
 291   0.861   0.848   0.829   0.935   0.851   0.942
 292   0.857   0.848   0.824   0.939   0.854   0.937
 293   0.858   0.851   0.836   0.939   0.851   0.944
 294   0.865   0.848   0.824   0.940   0.848   0.934
 295   0.857   0.853   0.819   0.937   0.851   0.940
 296   0.845   0.848   0.837   0.937   0.851   0.942
 297   0.860   0.848   0.821   0.939   0.851   0.941
 298   0.853   0.855   0.828   0.936   0.851   0.943
 299   0.859   0.848   0.834   0.940   0.876   0.949
 300   0.857   0.849   0.839   0.941   0.852   0.942
 301   0.857   0.851   0.831   0.946   0.852   0.943
 302   0.866   0.850   0.819   0.933   0.851   0.945
 303   0.862   0.850   0.834   0.940   0.854   0.962
 304   0.860   0.847   0.838   0.943   0.851   0.948
 305   0.883   0.853   0.831   0.954   0.854   0.946
 306   0.871   0.854   0.839   0.943   0.854   0.944
 307   0.866   0.852   0.824   0.938   0.856   0.948
 308   0.867   0.857   0.838   0.936   0.848   0.944
 309   0.859   0.846   0.842   0.936   0.850   0.941
 310   0.859   0.845   0.838   0.945   0.854   0.948
 311   0.874   0.848   0.840   0.944   0.855   0.970
 312   0.889   0.929   0.851   0.952   0.859   1.016
 313   0.886   0.870   0.852   0.945   0.852   0.944
 314   0.865   0.845   0.842   0.942   0.853   0.940
 315   0.862   0.853   0.840   0.940   0.849   0.935
 316   0.862   0.851   0.837   0.939   0.848   0.940
 317   0.858   0.846   0.837   0.939   0.847   0.936
 318   0.853   0.851   0.843   0.937   0.848   0.935
 319   0.859   0.843   0.837   0.938   0.848   0.942
 320   0.849   0.846   0.843   0.939   0.848   0.947
 321   0.864   0.844   0.927   0.957   0.855   0.949
 322   0.873   0.849   0.845   0.950   0.851   0.949
 323   0.870   0.850   0.842   0.936   0.849   0.946
 324   0.871   0.849   0.842   0.939   0.849   0.957
 325   0.870   0.854   0.846   0.946   0.854   0.948
 326   0.873   0.845   0.842   0.941   0.853   0.949
 327   0.870   0.847   0.840   0.937   0.849   0.947
 328   0.853   0.850   0.843   0.941   0.851   0.943
 329   0.845   0.850   0.828   0.944   0.851   0.950
 330   0.867   0.858   0.865   0.959   0.858   0.957
 331   0.879   0.860   0.848   0.947   0.858   0.958
 332   0.875   0.864   0.844   0.948   0.859   0.965
 333   0.887   0.867   0.852   0.958   0.859   0.967
 334   0.885   0.862   0.852   0.956   0.859   0.963
 335   0.876   0.857   0.843   0.949   0.855   0.958
 336   0.876   0.857   0.851   0.950   0.854   0.959
 337   0.878   0.858   0.835   0.944   0.854   0.961
 338   0.881   0.857   0.848   0.953   0.854   0.959
 339   0.878   0.858   0.847   0.950   0.853   0.958
 340   0.880   0.883   0.863   0.965   0.869   0.977
 341   0.899   0.873   0.861   0.957   0.857   0.953
 342   0.876   0.856   0.845   0.947   0.855   0.948
 343   0.876   0.858   0.846   0.943   0.852   0.952
 344   0.878   0.858   0.849   0.947   0.854   0.964
 345   0.879   0.858   0.851   0.950   0.853   0.955
 346   0.877   0.860   0.851   0.952   0.857   0.954
 347   0.877   0.856   0.847   0.946   0.853   0.951
 348   0.876   0.858   0.849   0.947   0.852   0.950
 349   0.861   0.854   0.845   0.946   0.853   0.955
 350   0.878   0.859   0.846   0.945   0.855   0.952
 351   0.875   0.853   0.844   0.946   0.853   0.945
 352   0.884   0.861   0.849   0.946   0.856   0.955
 353   0.873   0.858   0.851   0.953   0.859   0.957
 354   0.872   0.866   0.848   0.953   0.858   0.959
 355   0.871   0.859   0.842   0.947   0.854   0.957
 356   0.863   0.857   0.849   0.948   0.853   0.953
 357   0.868   0.856   0.837   0.946   0.877   0.952
 358   0.868   0.895   0.836   0.952   0.851   0.952
 359   0.865   0.854   0.840   0.941   0.851   0.956
 360   0.874   0.853   0.846   0.953   0.858   0.952
 361   0.866   0.854   0.839   0.945   0.853   0.953
 362   0.869   0.853   0.858   1.023   0.907   0.999
 363   0.897   0.960   0.882   0.993   0.870   0.981
 364   0.892   0.873   0.861   0.963   0.864   0.965
 365   0.896   0.868   0.854   0.956   0.868   0.971
 366   0.887   0.871   0.858   0.965   0.869   0.974
 367   0.887   0.864   0.851   0.955   0.861   0.966
 368   0.883   0.911   0.864   0.969   0.857   0.963
 369   0.883   0.860   0.852   0.951   0.927   1.435
 370   0.881   0.859   0.850   0.951   0.853   0.952
 371   0.865   0.858   0.838   0.945   0.854   0.952
 372   0.868   0.861   0.855   0.944   0.852   0.953
 373   0.873   0.874   0.836   0.952   0.853   0.953
 374   0.863   0.860   0.843   0.942   0.852   0.950
 375   0.861   0.853   0.838   0.941   0.851   0.950
 376   0.863   0.852   0.836   0.944   0.850   0.955
 377   0.863   0.854   0.839   0.943   0.851   0.951
 378   0.869   0.854   0.842   0.942   0.851   0.955
 379   0.863   0.853   0.844   0.947   0.852   0.950
 380   0.870   0.853   0.839   0.943   0.851   0.949
 381   0.870   0.853   0.843   0.945   0.851   0.964
 382   0.895   0.862   0.855   0.955   0.859   0.948
 383   0.855   0.849   0.836   0.939   0.848   0.952
 384   0.860   0.855   0.845   0.948   0.849   0.953
 385   0.872   0.850   0.842   0.946   0.851   0.951
 386   0.872   0.851   0.845   0.946   0.850   0.956
 387   0.871   0.890   0.848   0.947   0.849   0.951
 388   0.861   0.851   0.845   0.943   0.849   0.951
 389   0.857   0.851   0.835   0.943   0.849   0.951
 390   0.963   0.854   0.846   0.946   0.856   1.028
 391   0.864   0.847   0.847   0.962   0.858   0.967
 392   0.882   0.863   0.858   0.951   0.853   0.960
 393   0.930   0.857   0.841   0.945   0.851   0.954
 394   0.877   0.856   0.843   0.945   0.851   0.956
 395   0.874   0.853   0.839   0.947   0.850   0.952
 396   0.875   0.853   0.849   0.948   0.850   0.955
 397   0.862   0.852   0.848   0.947   0.851   0.952
 398   0.865   0.849   0.852   0.967   0.864   0.990
 399   0.889   0.862   0.839   0.945   0.851   0.955
 400   0.873   0.853  