#  n     IJK            IKJ            JIK            JKI            KIJ            KJI
#--- ------- ------ ------- ------ ------- ------ ------- ------ ------- ------ ------- ------
  16  12.201    0.0   9.283   14.6  10.187   11.9  10.803   11.5   9.412    0.0  10.150    0.0
  17   9.297    0.4   7.857    0.0   8.676    0.0   9.312   21.2   7.938    0.0   8.717    0.0
  18   8.042    0.0   6.670    5.9   7.729    6.0   8.170   15.2   6.752    9.0   9.178    0.9
  19   6.542    7.6   5.824    6.8   6.594    0.6   7.235    0.0   5.948    0.0   6.575    5.6
  20   6.541   10.0   4.969   17.0   5.869   24.5   6.487   27.1   5.063    6.3   5.822   19.2
  21   5.542   13.1   4.554   16.7   5.242   26.2   5.923   17.6   6.101   13.2   5.221   15.0
  22   5.898    2.2   3.888    5.4   4.717    3.1   5.323   13.8   3.897    0.9   4.738   24.8
  23   4.173   29.9   3.497    6.0   4.274   13.1   4.878    0.0   3.553    0.0   4.241    0.0
  24   4.073    0.0   3.020    0.0   3.923    0.0   4.635    1.1   3.085    2.2   3.892    0.6
  25   3.552    3.7   2.702    0.0   3.613    0.0   5.024    1.7   2.832    0.4   3.845    0.3
  26   3.286    1.6   2.546    0.4   3.448    1.1   3.968    2.9   2.613    0.2   3.336    0.0
  27   3.071    0.0   2.411    0.6   3.131    0.0   3.800    0.0   2.355    0.0   3.109    0.0
  28   3.099    0.6   2.019    2.9   2.966    9.6   3.833    0.6   2.103    8.8   3.037    6.8
  29   2.751    4.5   2.894    2.5   3.036    0.8   3.393    2.4   1.957    6.2   2.823   11.7
  30   2.722    1.6   2.195    0.4   2.627    0.8   3.221    0.0   1.788    0.0   2.612    0.0
  31   3.040    0.1   1.643    0.0   2.515    0.0   3.124    0.0   1.696    0.0   2.498    0.2
  32   3.313    4.9   1.481    4.1   2.444    3.9   3.018    1.7   1.527    2.9   2.377    0.0
  33   2.365    0.9   1.368    0.0   2.405    0.4   2.959    0.0   1.469    6.0   2.264    5.6
  34   2.592    2.2   1.263    1.9   2.311    8.0   2.808    7.1   1.390    6.3   2.169    1.0
  35   2.582    3.0   1.231   19.3   2.409    1.4   3.075    3.4   1.300    1.7   2.392    0.5
  36   2.307    0.6   1.205    0.1   2.324    0.0   2.662    1.5   1.195    0.9   2.040    1.2
  37   2.203    0.0   1.051    0.0   2.148    0.0   2.568    0.1   1.155    0.3   1.976    1.1
  38   2.076    2.3   1.032    2.5   2.179   11.1   2.540    1.7   1.085    3.9   2.311    1.5
  39   2.032    5.7   1.008    3.4   2.109    4.0   2.509    6.9   1.083    3.6   1.848    0.1
  40   2.224    5.2   0.912    4.0   2.159    4.9   2.791    0.9   0.966    1.7   2.065    1.5
  41   2.024    0.3   0.834    0.0   1.991    0.4   2.383    0.2   0.994    0.0   1.748    0.0
  42   2.341    6.3   0.826    4.1   2.165    5.4   2.669    8.8   0.896    1.6   2.051    2.9
  43   2.068    5.5   0.932    0.5   1.948    0.3   2.305    0.0   0.888    0.0   1.898    1.8
  44   2.123    1.7   0.735    0.6   2.031    2.6   2.638    0.4   0.817    0.7   1.880    0.6
  45   1.946    0.2   0.721    1.2   2.129    2.5   2.260    3.1   0.828    3.2   1.648    2.2
  46   1.946   16.5   0.702    4.3   1.856    4.3   1.859    0.4   0.650    0.9   1.340    3.4
  47   1.612   25.1   0.594   15.4   1.566    5.4   1.839    1.7   0.625    0.1   1.278    1.6
  48   1.548    1.3   0.524    0.1   1.499    5.6   1.862    3.8   0.573    1.3   1.378    2.4
  49   1.463    3.4   0.479    0.9   1.441    0.2   1.870    0.4   0.575    1.4   1.244    2.3
  50   1.444    1.5   0.474    0.1   1.488    0.0   1.770    0.1   0.545    0.0   1.224    0.0
  51   1.436    0.5   0.472    0.0   1.455    1.7   1.766    6.6   0.553    1.3   1.228    6.5
  52   1.497   12.3   0.450    0.5   1.694    1.4   1.744    0.8   0.509    0.0   1.194    0.0
  53   1.456    0.7   0.433    0.4   1.396    0.7   1.777    0.5   0.517    0.0   1.206    0.2
  54   1.457    5.7   0.426    0.9   1.439    7.4   1.755    3.7   0.551    8.2   1.185    5.0
  55   1.192    0.4   0.375    0.0   1.156    0.0   1.478    0.5   0.416    0.0   0.976    0.2
  56   1.161    0.6   0.354    0.0   1.151    1.1   1.379    2.2   0.388    1.0   1.049    3.5
  57   1.175    5.3   0.323    1.8   1.204    9.4   1.541    1.1   0.392    0.0   1.276    1.8
  58   1.172    1.4   0.309    0.3   1.177    0.2   1.406    0.0   0.377    0.0   0.951    0.0
  59   1.136    0.2   0.326    0.8   1.170    9.4   1.558    7.8   0.416    3.0   0.983    0.2
  60   1.186    0.9   0.306    0.0   1.166    0.8   1.353    0.7   0.384    1.8   0.935    0.5
  61   1.160    0.3   0.303    0.0   1.202    0.3   1.418    4.8   0.379    4.0   1.161    5.7
  62   1.146   11.6   0.258    2.2   0.998    1.7   1.157    2.5   0.358    0.5   0.801    0.3
  63   0.984    0.4   0.264    0.4   0.978    1.2   1.132    2.2   0.319    5.1   0.807    9.9
  64   0.978    9.4   0.260    8.2   0.953    7.3   1.365    3.3   0.288    1.2   1.066   10.8
  65   0.932    4.5   0.241    2.4   0.957    1.1   1.122    0.7   0.312    0.2   0.764    0.7
  66   1.057   17.6   0.245    8.6   0.988   18.9   1.122    3.4   0.292    0.2   0.776    0.5
  67   0.960    1.3   0.265    0.5   0.950    3.8   1.112    2.1   0.306    0.5   0.781    0.3
  68   0.973   24.2   0.278   10.0   0.989   22.2   1.116    7.4   0.312    0.9   0.768    1.2
  69   0.952    3.2   0.254    0.4   0.961    0.5   1.105    1.4   0.303    0.6   0.864    9.1
  70   0.952   16.7   0.260    3.9   0.962    4.5   1.112    3.5   0.288    3.1   0.775    2.2
  71   0.940    1.3   0.260    0.6   0.941    0.5   1.121    7.2   0.307    9.6   0.971   18.2
  72   0.930   10.2   0.249    1.2   0.944    1.2   1.111    1.3   0.329    0.4   0.778    0.8
  73   0.988    2.3   0.230    0.5   0.993   15.3   1.339   18.5   0.303    5.1   1.078    2.4
  74   0.950    1.3   0.220    0.3   0.973    0.5   1.125    8.5   0.292   13.4   0.764   18.1
  75   1.001   21.0   0.260    0.2   0.976    3.1   1.192    1.9   0.298    0.4   0.837    4.4
  76   0.982    3.8   0.256   11.4   1.034   23.6   1.210    1.9   0.291    0.2   0.854    0.3
  77   0.977    3.2   0.236    0.8   0.987    0.8   1.214   24.2   0.290   18.6   0.827    7.9
  78   0.978    2.0   0.231    0.2   0.981    2.4   1.191    4.4   0.270    1.2   0.864   22.4
  79   0.991   22.4   0.233    0.1   0.976    2.7   1.208    3.2   0.279    0.3   0.826    0.4
  80   1.009   33.3   0.231    8.1   0.989   11.0   1.181    0.9   0.287    2.4   0.919    9.9
  81   0.997    9.2   0.213    9.1   1.013   22.1   1.184    4.8   0.280    0.2   0.823    2.5
  82   0.978    1.4   0.203    0.6   0.988   10.2   1.188    6.3   0.260    0.7   0.860    2.1
  83   1.007    0.3   0.225    0.1   1.005    3.6   1.213   21.0   0.278    1.3   0.827    7.2
  84   0.999   14.1   0.231    2.1   1.005    6.7   1.170    9.2   0.279    1.8   0.840   11.1
  85   1.003    8.0   0.220    2.2   1.126   40.8   1.236   19.5   0.281    5.7   0.852    1.9
  86   1.043    1.6   0.224    0.1   1.045   10.6   1.232    7.7   0.266    7.5   0.878   22.7
  87   1.038    6.6   0.228    2.2   1.080   19.3   1.263   20.5   0.274    0.1   0.827    0.6
  88   1.042   12.8   0.225    4.9   1.104   23.6   1.205    4.0   0.284    0.3   0.851    0.3
  89   1.138   32.9   0.248   25.0   1.042    1.0   1.206    2.8   0.275    0.1   0.897   16.8
  90   1.130   23.3   0.195    0.1   1.047    2.7   1.249   12.9   0.258    0.6   0.871   18.3
  91   1.065    5.3   0.223    1.4   1.186   25.6   1.208    3.2   0.269    1.1   0.745    1.3
  92   1.122    6.7   0.302    2.1   1.142    0.4   1.110    0.1   0.276    0.2   0.779    6.2
  93   1.008    1.0   0.211    0.3   0.993    0.1   1.428    0.9   0.258    0.2   1.133    0.5
  94   0.986    1.1   0.199    2.7   0.991    6.6   1.073    0.2   0.243    0.0   0.725    0.3
  95   1.048   13.9   0.212    0.1   1.048    1.3   1.151    1.7   0.258    3.8   0.789    4.7
  96   1.033    0.8   0.198    0.0   1.065    2.2   1.350    0.8   0.260    0.0   1.170    0.4
  97   1.041    8.2   0.192    0.6   1.042    1.0   1.154    4.1   0.265    1.9   0.785    0.2
  98   1.057    0.4   0.187    0.1   1.060    2.8   1.143    0.6   0.239    0.0   0.800    0.5
  99   1.063    4.6   0.206    0.1   1.062    0.5   1.147    8.1   0.261    0.2   0.785    0.3
 100   1.057    0.5   0.221    1.0   1.063    1.6   1.138    0.4   0.271    0.2   0.789    0.9
 101   1.068    2.4   0.219    0.3   1.108    1.8   1.142    0.7   0.257    0.3   0.782    0.2
 102   1.106   14.8   0.192    0.2   1.081    0.4   1.179    0.8   0.246    0.4   0.790    0.1
 103   1.109    6.6   0.202    0.1   1.084    0.3   1.157    2.5   0.261    1.0   0.783    0.6
 104   1.072    1.7   0.192    1.2   1.071    1.5   1.139    0.3   0.264    2.6   0.808    2.7
 105   1.067    0.7   0.187    0.1   1.077    6.5   1.130    0.4   0.255    0.6   0.776    1.7
 106   1.073    2.1   0.180    0.2   1.069    0.5   1.124    0.3   0.241    0.1   0.775    3.8
 107   1.079    2.0   0.199    1.7   1.086    7.6   1.132    0.7   0.254    0.1   0.776    4.7
 108   1.065    0.7   0.216    0.1   1.071    0.5   1.121    0.2   0.262    0.3   0.772    2.6
 109   1.071    3.1   0.191    0.1   1.090    6.3   1.121    0.5   0.247    0.7   0.769    2.9
 110   1.079    1.4   0.185    2.6   1.084    1.9   1.123    1.1   0.249    3.6   0.764    0.2
 111   1.082    3.9   0.193    0.4   1.090    0.4   1.127    3.4   0.248    0.5   0.764    0.2
 112   1.089    6.2   0.188    0.0   1.110    0.6   1.126    0.3   0.258    0.0   0.859    2.0
 113   1.092    0.6   0.177    0.1   1.110    7.5   1.125    0.4   0.250    0.7   0.765    0.3
 114   1.094    1.1   0.169    0.0   1.101    0.3   1.128    0.7   0.232    0.0   0.781    0.2
 115   1.094    5.5   0.198    0.5   1.112    2.3   1.122    0.4   0.256    1.2   0.766    0.4
 116   1.088    1.9   0.211    0.2   1.103    0.5   1.125    2.1   0.257    0.1   0.775    1.7
 117   1.092    3.6   0.189    0.2   1.107    6.7   1.117    0.7   0.247    0.6   0.777    0.6
 118   1.098    2.1   0.172    0.0   1.105    0.6   1.116    0.7   0.233    0.1   0.761    1.0
 119   1.095    1.6   0.187    1.0   1.107    0.7   1.139    6.2   0.243    0.1   0.774    9.0
 120   1.090    5.0   0.185    0.1   1.130    4.9   1.112    1.3   0.254    0.1   0.790    2.7
 121   1.103    6.2   0.173    0.2   1.121    2.8   1.114    2.2   0.243    0.1   0.757    0.6
 122   1.155    8.5   0.218    7.8   1.454    4.8   1.280    3.8   0.243    1.1   0.893    5.3
 123   1.339    6.3   0.192    1.4   1.168    7.4   1.149   10.8   0.300    8.2   0.801   11.8
 124   1.126   12.9   0.270    3.9   1.172    9.2   1.427    3.0   0.388    0.1   0.803   10.3
 125   1.129   23.1   0.206   18.4   1.130    2.3   1.127    5.7   0.261    4.9   0.780   12.9
 126   1.162   27.0   0.172    0.3   1.141    2.8   1.129    3.2   0.235    0.1   0.755    0.2
 127   1.102    3.0   0.179    0.5   1.140    1.7   1.109    2.1   0.248    0.1   0.759    1.4
 128   1.149    4.0   0.174    0.8   1.220    0.2   3.692    0.1   0.256    0.1   3.674    0.1
 129   1.114    0.5   0.166    1.2   1.134    0.3   1.109    1.3   0.255    0.0   0.759    0.8
 130   1.131   10.4   0.160    0.2   1.138    0.9   1.124    3.0   0.245    1.5   0.772    3.0
 131   1.123    7.9   0.190    0.7   1.166    2.4   1.165    0.7   0.289    0.2   0.787    0.4
 132   1.134    3.7   0.204    4.4   1.154    1.2   1.115    1.9   0.264    0.3   0.759    0.2
 133   1.122    6.8   0.196    5.4   1.145    1.1   1.104    1.1   0.254    0.5   0.754    0.1
 134   1.134    4.7   0.169    2.4   1.163    2.3   1.108    2.2   0.272    2.4   0.776    0.8
 135   1.143    7.0   0.209    4.2   1.180    1.9   1.133    1.1   0.260    0.3   0.786    0.6
 136   1.149    4.3   0.181    2.0   1.173    2.7   1.116    2.2   0.269    0.1   0.807    2.3
 137   1.159    4.5   0.172    0.6   1.174    2.3   1.110    1.1   0.278    0.1   0.763    0.6
 138   1.146    3.6   0.164    0.1   1.170    2.4   1.110    0.8   0.261    0.0   0.779    0.2
 139   1.161    2.8   0.191    0.8   1.168    1.3   1.102    0.7   0.257    0.1   0.764    0.5
 140   1.144    3.4   0.205    1.0   1.173    2.5   1.110    1.4   0.267    0.6   0.783    1.3
 141   1.179    7.4   0.196    4.8   1.179    2.4   1.118    1.5   0.263    0.7   0.773    0.8
 142   1.163    2.9   0.177    1.5   1.176    0.9   1.097    0.6   0.269    0.4   0.768    0.2
 143   1.151    2.0   0.179    0.7   1.172    0.9   1.094    0.5   0.277    0.2   0.766    0.1
 144   1.151    2.8   0.180    2.0   1.175    0.7   1.111    0.1   0.269    0.1   0.975    0.2
 145   1.158    1.0   0.169    0.0   1.170    0.6   1.112    0.9   0.261    0.1   0.794    0.4
 146   1.173    1.5   0.164    0.1   1.180    0.9   1.094    0.2   0.264    0.0   0.822    0.7
 147   1.168    3.0   0.200    1.5   1.206    2.1   1.106    0.6   0.282    0.4   0.838    1.9
 148   1.213    4.8   0.225    1.0   1.637    3.8   1.681    3.4   0.323    2.1   1.188    3.4
 149   1.293    5.4   0.204    1.7   1.288    4.4   1.169    2.8   0.265    0.4   0.924    2.6
 150   1.275    5.5   0.211    2.7   1.526    3.3   1.664    2.5   0.389    1.2   0.974    3.5
 151   1.224    4.2   0.221    4.2   1.244    2.8   1.200    3.0   0.275    0.1   0.876    1.2
 152   1.239    4.9   0.195    0.8   1.261    3.3   1.121    1.0   0.271    0.0   0.902    2.0
 153   1.182    2.2   0.176    0.1   1.210    2.7   1.093    0.4   0.276    0.8   0.888    0.6
 154   1.179    1.9   0.191    3.0   1.200    0.9   1.106    1.7   0.267    0.1   0.883    0.6
 155   1.179    1.8   0.193    0.1   1.194    1.5   1.090    0.6   0.267    0.2   0.896    1.1
 156   1.164    1.8   0.214    1.6   1.205    2.3   1.108    1.2   0.275    0.0   0.895    0.8
 157   1.208    3.2   0.199    0.9   1.226    2.9   1.097    1.0   0.278    0.2   0.895    0.7
 158   1.189    2.3   0.176    0.1   1.224    2.3   1.100    0.5   0.264    0.2   0.895    0.6
 159   1.192    1.6   0.186    0.0   1.226    1.8   1.128    0.4   0.274    0.1   0.913    0.5
 160   1.202    0.7   0.188    0.1   1.238    0.7   1.954    0.4   0.279    0.1   1.981    0.4
 161   1.309    1.9   0.200    1.9   1.217    1.2   1.092    0.4   0.272    0.1   0.900    0.5
 162   1.190    1.2   0.179    0.3   1.203    0.3   1.087    0.1   0.273    0.0   0.896    0.2
 163   1.186    0.5   0.202    0.2   1.213    0.7   1.085    0.1   0.283    0.0   0.902    0.0
 164   1.178    0.7   0.213    0.1   1.205    0.1   1.086    0.1   0.287    0.0   0.903    0.3
 165   1.188    1.3   0.197    0.4   1.206    0.3   1.085    0.2   0.279    0.0   0.890    0.1
 166   1.191    0.8   0.178    0.1   1.210    0.3   1.084    0.2   0.267    0.2   0.905    0.9
 167   1.233    2.1   0.195    1.4   1.242    1.8   1.126    1.8   0.269    0.1   0.977    1.3
 168   1.281    2.2   0.203    1.5   1.702    2.8   1.662    1.9   0.286    0.0   0.946    0.4
 169   1.215    1.7   0.184    0.2   1.221    0.6   1.134    0.3   0.290    0.5   0.954    0.7
 170   1.223    1.8   0.176    0.3   1.251    1.4   1.100    0.5   0.273    0.0   0.937    0.8
 171   1.234    0.9   0.201    0.1   1.252    0.6   1.356    0.6   0.289    0.3   1.527    0.6
 172   1.209    2.1   0.210    1.0   1.246    2.3   1.098    1.4   0.280    0.1   0.916    1.2
 173   1.214    1.8   0.202    1.2   1.237    1.6   1.107    1.2   0.291    0.4   0.916    0.7
 174   1.213    1.4   0.184    0.2   1.226    0.5   1.086    0.3   0.268    0.0   0.913    0.5
 175   1.266    1.5   0.205    1.7   1.298    1.8   1.105    1.3   0.276    0.4   0.917    1.1
 176   1.241    2.1   0.192    0.7   1.229    0.5   1.473    0.0   0.276    0.0   1.452    0.1
 177   1.233    1.5   0.191    0.2   1.263    0.6   1.116    0.3   0.284    0.0   0.937    0.4
 178   1.270    1.7   0.172    0.2   1.245    1.0   1.084    0.4   0.269    0.0   0.910    0.4
 179   1.223    1.4   0.196    0.1   1.242    0.7   1.086    0.2   0.285    0.0   0.921    0.4
 180   1.206    1.0   0.216    0.7   1.236    0.5   1.081    0.2   0.281    0.0   0.925    0.5
 181   1.232    1.6   0.194    0.2   1.244    0.9   1.092    0.5   0.276    0.1   0.937    1.0
 182   1.237    1.7   0.196    1.1   1.255    1.4   1.088    0.8   0.270    0.1   0.927    0.8
 183   1.247    1.3   0.197    1.1   1.250    0.7   1.088    0.4   0.278    0.1   0.935    0.6
 184   1.225    1.6   0.205    1.5   1.247    0.5   1.099    0.2   0.282    0.0   0.959    0.4
 185   1.250    1.3   0.178    0.1   1.245    0.7   1.088    0.8   0.275    0.1   0.942    1.4
 186   1.249    1.8   0.177    0.8   1.245    0.6   1.086    0.4   0.265    0.1   0.934    0.5
 187   1.248    1.5   0.196    0.3   1.236    0.3   1.073    0.1   0.274    0.0   0.914    0.4
 188   1.223    1.3   0.212    0.8   1.264    1.5   1.097    1.4   0.279    0.1   0.931    0.7
 189   1.248    1.4   0.206    0.6   1.247    0.2   1.081    0.4   0.281    0.3   0.945    1.1
 190   1.248    1.5   0.193    0.2   1.250    0.4   1.079    0.1   0.269    0.0   0.952    0.9
 191   1.283    1.7   0.204    0.8   1.258    0.4   1.578    1.6   0.348    0.5   1.090    1.2
 192   1.324    0.7   0.233    1.5   1.337    0.5   2.604    0.6   0.314    0.1   2.376    0.3
 193   1.303    1.8   0.180    0.1   1.248    0.2   1.070    0.0   0.283    0.0   0.985    1.2
 194   1.330    1.8   0.194    1.3   1.302    1.6   1.091    0.7   0.272    0.3   0.939    0.5
 195   1.268    1.2   0.210    0.1   1.257    0.1   1.156    0.3   0.275    0.0   1.046    0.1
 196   1.246    1.5   0.215    0.8   1.258    0.7   1.098    1.0   0.288    0.4   0.991    1.9
 197   1.311    1.1   0.220    1.2   1.380    1.7   1.250    0.7   0.279    0.1   1.161    0.3
 198   1.265    1.2   0.188    0.3   1.272    0.9   1.445    1.9   0.276    0.6   1.072    1.7
 199   1.289    1.3   0.199    1.1   1.340    1.3   1.103    0.3   0.288    0.1   0.958    0.4
 200   1.244    1.1   0.193    0.3   1.255    0.5   1.109    0.4   0.286    0.2   1.002    1.3
 201   1.287    1.7   0.184    0.1   1.276    1.3   1.103    1.2   0.288    0.5   0.953    1.4
 202   1.267    1.6   0.179    0.1   1.275    1.1   1.087    0.9   0.266    0.3   0.963    1.7
 203   1.290    1.8   0.200    0.2   1.335    1.7   1.116    1.5   0.286    0.5   0.999    1.8
 204   1.271    1.6   0.219    0.3   1.282    1.1   1.096    0.8   0.293    0.4   0.971    1.2
 205   1.277    0.8   0.201    0.3   1.268    0.2   1.375    0.1   0.285    0.1   1.509    0.3
 206   1.319    1.1   0.217    0.5   1.331    0.5   1.076    0.3   0.264    0.1   0.940    0.5
 207   1.331    1.1   0.212    0.3   1.274    0.1   1.087    0.0   0.282    0.0   0.966    0.4
 208   1.254    1.2   0.195    0.1   1.263    0.1   1.525    0.1   0.286    0.0   1.527    0.5
 209   1.270    1.3   0.184    0.1   1.277    1.0   1.085    0.9   0.278    0.3   0.969    1.1
 210   1.279    1.5   0.185    0.6   1.273    1.0   1.076    0.3   0.264    0.0   0.932    0.2
 211   1.278    1.2   0.205    0.4   1.281    1.1   1.079    0.3   0.278    0.0   0.934    0.1
 212   1.255    1.1   0.220    0.3   1.264    0.2   1.065    0.1   0.286    0.0   0.916    0.2
 213   1.276    1.0   0.205    0.1   1.263    0.2   1.063    0.1   0.280    0.0   0.911    0.1
 214   1.259    0.8   0.187    0.1   1.269    0.5   1.073    0.2   0.271    0.3   0.958    1.0
 215   1.291    1.0   0.217    0.5   1.272    0.6   1.082    0.6   0.291    0.0   0.949    0.4
 216   1.255    1.0   0.208    0.4   1.284    0.8   1.108    0.1   0.292    0.0   1.004    0.3
 217   1.295    1.0   0.212    0.1   1.278    0.2   1.077    0.0   0.289    0.0   0.934    0.2
 218   1.276    1.1   0.192    0.2   1.282    0.6   1.100    1.1   0.304    0.4   0.990    1.2
 219   1.286    1.1   0.212    0.2   1.264    0.2   1.072    0.1   0.286    0.0   0.954    0.3
 220   1.251    1.0   0.216    0.1   1.249    0.1   1.072    0.1   0.289    0.0   0.946    0.3
 221   1.276    0.9   0.206    0.1   1.286    0.4   1.074    0.4   0.286    0.2   0.955    0.8
 222   1.340    1.0   0.222    0.8   1.278    0.6   1.075    0.3   0.273    0.0   0.914    0.2
 223   1.270    0.8   0.202    0.1   1.237    0.2   1.033    0.1   0.272    0.0   0.912    0.2
 224   1.278    0.5   0.2