# Micron 2 x 16GiB DDR4-3200 SODIMM (WSL)


# page_size=4096
#    bytes   GiB/s   GiB/s       ns       ns       ns
#--------- ------- ------- -------- -------- --------
#     size    read   write latency1 latency2 latency3
#--------- ------- ------- -------- -------- --------
      8192  61.017  31.613    0.945    0.472    0.315
     10240  60.824  31.601    0.944    0.471    0.315
     12288  61.653  31.578    0.943    0.472    0.314
     14336  61.620  31.602    0.943    0.471    0.314
     16384  61.932  31.610    0.943    0.472    0.314
     20480  62.234  31.581    0.947    0.472    0.315
     24576  62.257  31.583    0.944    0.472    0.314
     28672  62.511  31.462    0.944    0.472    0.320
     32768  62.226  31.603    0.944    0.472    0.314
     40960  54.397  31.300    2.123    1.089    0.687
     49152  54.341  31.313    2.232    1.226    0.871
     57344  54.133  31.309    2.388    1.288    0.846
     65536  54.383  31.320    2.426    1.354    0.912
     81920  54.279  31.311    2.680    1.321    0.890
     98304  54.016  31.291    2.710    1.387    0.971
    114688  55.767  31.289    2.750    1.393    0.932
    131072  54.934  31.319    2.722    1.401    0.978
    163840  54.344  31.317    2.802    1.426    0.966
    196608  54.250  31.331    2.788    1.412    0.995
    229376  53.995  31.313    2.794    1.444    0.974
    262144  53.883  31.355    2.842    1.433    0.978
    327680  53.857  31.347    3.231    1.671    1.123
    393216  52.977  31.184    3.930    2.052    1.372
    458752  52.807  31.279    4.231    2.200    1.456
    524288  51.882  31.211    5.109    2.690    1.744
    655360  51.662  31.093    7.081    3.651    2.465
    786432  52.046  31.073    8.925    4.504    2.947
    917504  52.415  31.098    9.263    4.590    2.970
   1048576  52.621  31.040    8.859    4.503    3.023
   1310720  52.469  31.020    9.568    4.734    3.264
   1572864  52.067  30.905    9.208    4.617    3.102
   1835008  52.352  31.056    9.847    4.867    3.284
   2097152  52.464  31.053    9.274    4.616    3.116
   2621440  52.614  31.097    9.386    4.646    3.169
   3145728  52.164  30.766   10.011    4.793    3.204
   3670016  49.989  29.850   10.962    5.287    3.551
   4194304  38.590  26.438   16.246    7.588    6.190
   5242880  21.700  10.645   49.693   23.536   16.635
   6291456  20.319   9.725   56.724   29.036   19.825
   7340032  19.603   9.804   62.392   31.291   20.935
   8388608  19.679  10.064   63.925   31.833   21.581
  10485760  19.562  10.067   65.980   34.268   22.623
  12582912  19.619   9.874   75.274   37.556   25.089
  14680064  17.499   9.457   71.479   35.652   24.040
  16777216  19.464   9.750   72.796   36.401   24.780
  20971520  19.444   9.783   75.123   37.852   24.913
  25165824  19.795   9.893   75.765   38.351   25.313
  29360128  19.742   9.780   76.085   38.734   25.670
  33554432  19.556   9.721   73.685   37.855   25.704
  41943040  19.734   9.753   77.430   39.935   26.196
  50331648  19.700   9.696   78.774   39.825   26.419
  58720256  19.682   9.711   78.905   40.291   26.527
  67108864  19.196   9.697   79.229   40.161   26.444
  83886080  19.872   9.981   78.878   40.465   26.748
 100663296  19.742   9.780   77.045   39.440   26.248
 117440512  19.916   9.992   79.354   40.693   26.743
 134217728  19.908   9.850   79.932   40.987   26.900
 167772160  19.905  10.031   77.085   39.764   26.505
 201326592  19.889  10.017   80.693   41.665   27.311
 234881024  19.681   9.736   77.912   40.159   26.688
 268435456  19.890   9.832   81.082   41.754   27.447
 335544320  19.721   9.794   81.613   41.752   27.329
 402653184  19.896   9.994   81.808   42.009   27.625
 469762048  19.944   9.965   81.442   41.954   27.462
 536870912  19.772   9.801   82.263   42.437   27.466
 671088640  19.916   9.965   81.989   42.490   27.693
 805306368  19.317   9.595   82.421   42.374   28.396
 939524096  18.222   9.589   82.282   42.274   27.739
1073741824  19.666   9.740   80.027   41.433   27.100
#--------- ------- ------- -------- -------- --------


# page_size=2097152
#    bytes   GiB/s   GiB/s       ns       ns       ns
#--------- ------- ------- -------- -------- --------
#     size    read   write latency1 latency2 latency3
#--------- ------- ------- -------- -------- --------
      8192  60.668  31.558    0.944    0.472    0.314
     10240  60.893  31.570    0.991    0.472    0.315
     12288  61.267  31.599    0.943    0.471    0.314
     14336  61.590  31.612    0.942    0.471    0.314
     16384  61.917  31.600    0.942    0.471    0.314
     20480  62.172  31.603    0.943    0.471    0.314
     24576  62.280  31.589    0.943    0.471    0.314
     28672  62.476  31.593    0.943    0.472    0.314
     32768  59.185  31.567    0.944    0.472    0.315
     40960  54.520  31.364    2.504    1.245    0.727
     49152  54.212  31.310    2.499    1.386    0.874
     57344  54.521  31.325    2.436    1.329    0.840
     65536  54.625  31.297    2.483    1.331    0.897
     81920  55.743  31.322    2.688    1.377    0.898
     98304  54.822  31.313    2.729    1.414    0.971
    114688  54.500  31.299    2.719    1.412    0.931
    131072  54.641  31.317    2.755    1.407    0.962
    163840  56.960  31.328    2.798    1.427    0.974
    196608  54.131  31.273    2.786    1.412    1.002
    229376  55.099  31.328    2.792    1.438    0.978
    262144  54.207  31.307    2.825    1.424    0.967
    327680  54.486  31.275    2.832    1.420    0.985
    393216  54.456  31.281    2.871    1.425    1.009
    458752  54.507  31.303    2.874    1.441    0.956
    524288  53.499  31.234    3.029    1.471    0.990
    655360  51.306  31.095    5.792    2.990    2.284
    786432  52.846  31.171    7.419    3.798    2.593
    917504  52.077  31.034    7.887    3.924    2.617
   1048576  52.090  31.041    7.658    3.922    2.573
   1310720  53.078  31.151    7.970    3.972    2.755
   1572864  53.052  31.128    8.218    4.173    2.817
   1835008  53.092  31.124    8.541    4.321    2.883
   2097152  52.968  31.084    8.443    4.268    2.860
   2621440  52.824  31.011    8.827    4.365    2.972
   3145728  52.379  30.904    9.410    4.534    3.032
   3670016  51.097  30.239   10.631    5.263    3.553
   4194304  46.359  26.909   15.162    6.410    4.926
   5242880  21.849  10.503   54.038   25.479   17.322
   6291456  20.461   9.772   57.825   29.460   20.169
   7340032  19.973   9.669   63.356   31.740   21.038
   8388608  19.768   9.579   63.693   31.892   21.565
  10485760  19.956   9.897   65.538   33.619   22.820
  12582912  19.758   9.933   69.278   34.874   23.832
  14680064  19.982   9.909   68.885   35.448   23.904
  16777216  19.803   9.691   72.479   36.374   24.636
  20971520  19.973  10.032   75.156   37.746   24.915
  25165824  19.754   9.750   75.352   38.268   25.400
  29360128  19.703   9.833   76.817   38.898   25.685
  33554432  19.830   9.752   73.846   37.985   25.682
  41943040  20.056  10.098   77.239   39.546   26.221
  50331648  19.832   9.713   78.054   39.574   26.180
  58720256  19.917   9.962   78.201   40.336   26.358
  67108864  20.025   9.994   78.404   40.242   26.598
  83886080  19.745   9.766   79.695   40.574   26.743
 100663296  19.727   9.770   76.959   39.527   26.371
 117440512  19.411   9.739   79.899   40.588   26.846
 134217728  19.747   9.757   80.285   40.986   26.737
 167772160  19.971   9.994   77.605   39.830   26.500
 201326592  19.959   9.988   81.150   41.569   27.334
 234881024  19.692   9.742   78.648   40.517   26.722
 268435456  19.902   9.994   80.769   41.558   27.211
 335544320  19.951  10.002   81.045   41.925   27.533
 402653184  19.802   9.797   81.308   41.859   27.605
 469762048  19.922   9.995   81.580   42.033   27.424
 536870912  19.923   9.999   81.638   42.430   27.457
 671088640  19.844   9.823   81.992   42.439   27.707
 805306368  19.721   9.748   82.455   42.344   28.189
 939524096  19.676   9.744   81.824   42.121   27.534
1073741824  19.829   9.838   79.963   41.482   27.317
#--------- ------- ------- -------- -------- --------


# page_size=1073741824
#    bytes   GiB/s   GiB/s       ns       ns       ns
#--------- ------- ------- -------- -------- --------
#     size    read   write latency1 latency2 latency3
#--------- ------- ------- -------- -------- --------
      8192  60.897  31.614    0.942    0.471    0.314
     10240  61.007  31.599    0.943    0.471    0.314
     12288  61.696  31.615    0.943    0.471    0.314
     14336  61.639  31.606    0.943    0.473    0.314
     16384  61.969  31.620    0.943    0.471    0.314
     20480  62.231  31.624    0.946    0.472    0.314
     24576  62.241  31.607    0.944    0.472    0.314
     28672  62.498  31.582    0.943    0.471    0.314
     32768  59.164  31.448    0.947    0.474    0.317
     40960  53.536  31.192    2.059    1.070    0.670
     49152  53.314  31.200    2.261    1.242    0.844
     57344  53.559  31.219    2.293    1.287    0.864
     65536  54.774  31.341    2.496    1.266    0.869
     81920  56.116  31.316    2.662    1.334    0.908
     98304  54.343  31.350    2.681    1.411    0.963
    114688  54.610  31.308    2.739    1.405    0.931
    131072  54.745  31.323    2.742    1.399    0.960
    163840  57.563  31.314    2.804    1.426    0.963
    196608  54.418  31.342    2.776    1.416    1.012
    229376  54.657  31.158    2.787    1.440    0.963
    262144  53.765  31.168    2.821    1.422    0.977
    327680  53.709  31.141    2.846    1.420    0.967
    393216  53.580  31.146    2.876    1.427    1.022
    458752  53.408  31.143    2.874    1.438    0.981
    524288  52.516  31.166    3.024    1.467    0.988
    655360  50.364  30.972    5.836    3.005    2.342
    786432  52.460  31.173    7.359    3.820    2.566
    917504  52.113  30.990    7.912    3.953    2.608
   1048576  52.667  31.176    7.759    3.958    2.665
   1310720  52.706  31.182    8.104    3.988    2.799
   1572864  52.659  31.147    8.239    4.155    2.825
   1835008  52.585  31.165    8.593    4.336    2.906
   2097152  52.662  31.088    8.508    4.254    2.865
   2621440  52.851  31.085    9.023    4.353    2.964
   3145728  52.411  30.854    9.379    4.603    3.030
   3670016  51.105  30.156   10.306    4.871    3.337
   4194304  47.582  27.595   12.747    6.063    4.832
   5242880  22.236  10.404   53.424   25.654   17.443
   6291456  20.645  10.043   58.144   30.101   20.236
   7340032  19.884   9.846   62.974   31.484   21.058
   8388608  19.823  10.004   63.290   31.836   21.581
  10485760  19.954  10.134   65.596   33.606   22.763
  12582912  19.971   9.978   69.588   35.200   23.734
  14680064  19.963  10.050   69.005   35.463   23.974
  16777216  19.689   9.760   73.140   36.454   24.730
  20971520  19.661   9.825   74.857   37.883   24.962
  25165824  19.670   9.820   76.153   38.235   25.159
  29360128  20.008  10.032   75.856   38.687   25.652
  33554432  19.780   9.830   73.710   38.017   25.740
  41943040  19.810   9.790   77.756   39.608   26.080
  50331648  19.935   9.901   77.748   39.707   26.218
  58720256  19.897   9.895   79.007   39.923   26.301
  67108864  19.910  10.082   78.843   40.251   26.620
  83886080  19.870  10.094   78.820   40.461   26.740
 100663296  19.694   9.858   76.775   39.420   26.601
 117440512  19.517   9.762   79.723   40.578   26.876
 134217728  19.733   9.774   79.570   40.623   26.781
 167772160  19.928  10.030   77.083   39.738   26.588
 201326592  19.751   9.819   80.757   41.555   27.313
 234881024  19.703   9.771   77.918   40.145   26.713
 268435456  19.942  10.007   80.821   41.744   27.447
 335544320  19.713   9.745   81.984   42.039   27.520
 402653184  19.722   9.742   82.082   42.142   27.848
 469762048  19.671   9.726   82.071   42.038   27.478
 536870912  19.950   9.974   81.420   42.291   27.433
 671088640  19.855   9.829   81.623   42.027   27.493
 805306368  19.817   9.838   82.057   42.251   27.975
 939524096  19.937   9.997   81.811   42.285   27.767
1073741824  19.856   9.956   79.366   41.218   27.100
#--------- ------- ------- -------- -------- --------
