# Hynix 1 x 8GiB DDR4-3200 DIMM


# page_size=4096
#    bytes   GiB/s   GiB/s       ns       ns       ns
#--------- ------- ------- -------- -------- --------
#     size    read   write latency1 latency2 latency3
#--------- ------- ------- -------- -------- --------
      8192  82.613  31.506    0.945    0.473    0.315
     10240  85.855  31.514    0.945    0.473    0.315
     12288  86.538  31.507    0.946    0.473    0.315
     14336  87.280  31.521    0.945    0.473    0.315
     16384  87.394  31.524    0.945    0.473    0.315
     20480  88.047  31.515    0.945    0.473    0.315
     24576  88.363  31.518    0.946    0.473    0.315
     28672  88.463  31.516    0.947    0.473    0.315
     32768  88.634  31.511    0.948    0.474    0.316
     40960  89.012  31.246    2.835    1.473    0.743
     49152  84.582  31.199    2.837    1.467    1.002
     57344  88.983  31.204    2.840    1.464    0.946
     65536  89.226  31.188    2.840    1.465    0.946
     81920  89.391  31.194    2.840    1.452    0.946
     98304  89.453  31.218    2.837    1.440    0.980
    114688  89.649  31.230    2.836    1.438    0.945
    131072  89.624  31.231    2.837    1.446    0.958
    163840  89.780  31.229    2.837    1.437    0.946
    196608  89.748  31.234    2.838    1.426    0.961
    229376  89.823  31.241    2.839    1.425    0.947
    262144  89.586  31.189    2.854    1.432    0.949
    327680  87.511  31.167    3.963    2.031    1.297
    393216  86.012  31.152    4.866    2.531    1.644
    458752  84.350  31.151    5.856    2.979    2.060
    524288  83.711  31.149    6.320    3.028    2.029
    655360  80.223  31.102    8.162    4.193    2.783
    786432  79.027  31.083    9.637    4.907    3.180
    917504  78.409  31.097    8.641    4.510    2.882
   1048576  78.402  31.151    8.660    4.564    3.437
   1310720  75.949  31.087   10.445    5.371    3.535
   1572864  76.139  31.142   10.522    5.259    3.514
   1835008  75.417  31.143   10.749    5.391    3.588
   2097152  74.973  31.113   10.568    5.298    3.546
   2621440  73.855  31.106   10.058    5.074    3.421
   3145728  64.694  29.555   11.477    5.782    4.047
   3670016  51.038  26.499   14.551    7.277    5.350
   4194304  36.220  19.548   21.843   10.620    8.505
   5242880  26.093  11.273   38.478   18.745   13.512
   6291456  22.521   9.190   47.977   25.105   17.575
   7340032  20.896   8.588   54.710   29.137   19.424
   8388608  20.281   8.588   58.326   30.742   21.493
  10485760  19.971   8.638   64.194   33.602   22.711
  12582912  19.761   8.647   67.767   35.177   24.654
  14680064  19.665   8.646   70.398   36.494   25.132
  16777216  19.575   8.631   72.380   37.439   25.632
  20971520  19.525   8.632   75.289   38.946   26.476
  25165824  19.580   8.637   77.150   40.067   27.446
  29360128  19.532   8.700   79.033   40.959   27.803
  33554432  19.613   8.695   80.131   41.527   27.865
  41943040  19.696   8.716   81.945   42.208   28.449
  50331648  19.931   8.669   82.799   42.606   28.839
  58720256  19.931   8.676   83.817   42.987   29.055
  67108864  19.990   8.700   84.806   43.360   29.303
  83886080  20.076   8.734   86.244   43.936   29.648
 100663296  20.120   8.744   87.356   44.374   29.940
 117440512  20.171   8.769   88.344   44.724   30.164
 134217728  20.211   8.747   89.149   44.937   30.364
 167772160  20.254   8.742   90.352   45.143   30.698
 201326592  20.283   8.735   91.092   45.325   30.973
 234881024  20.268   8.739   91.788   45.589   31.264
 268435456  20.124   8.781   93.070   46.106   31.439
 335544320  20.168   8.795   93.579   46.249   31.639
 402653184  20.328   8.751   93.992   46.701   32.074
 469762048  20.359   8.758   94.930   47.176   32.254
 536870912  20.362   8.745   96.168   48.080   32.689
 671088640  20.375   8.743   98.942   49.583   33.657
 805306368  20.331   8.781  103.319   51.551   35.111
 939524096  20.327   8.776  107.184   53.604   36.514
1073741824  20.341   8.782  111.024   55.933   38.062
#--------- ------- ------- -------- -------- --------


# page_size=2097152
#    bytes   GiB/s   GiB/s       ns       ns       ns
#--------- ------- ------- -------- -------- --------
#     size    read   write latency1 latency2 latency3
#--------- ------- ------- -------- -------- --------
      8192  84.408  31.517    0.946    0.473    0.315
     10240  85.892  31.523    0.945    0.473    0.315
     12288  86.445  31.529    0.945    0.473    0.315
     14336  87.091  31.524    0.945    0.473    0.315
     16384  87.349  31.527    0.945    0.473    0.315
     20480  88.038  31.519    0.946    0.473    0.315
     24576  88.354  31.525    0.946    0.473    0.315
     28672  88.440  31.524    0.946    0.473    0.315
     32768  88.682  31.511    0.947    0.473    0.316
     40960  89.138  31.255    2.836    1.513    0.742
     49152  89.142  31.233    2.836    1.499    1.015
     57344  89.279  31.233    2.836    1.494    0.946
     65536  89.508  31.232    2.836    1.495    0.946
     81920  89.618  31.219    2.836    1.511    0.945
     98304  89.630  31.231    2.837    1.510    1.015
    114688  89.732  31.228    2.836    1.506    0.945
    131072  89.768  31.225    2.836    1.506    0.946
    163840  89.870  31.229    2.836    1.485    0.945
    196608  89.885  31.250    2.836    1.475    0.965
    229376  89.918  31.225    2.837    1.451    0.953
    262144  89.803  31.231    2.836    1.422    0.946
    327680  89.974  31.229    2.836    1.430    0.945
    393216  89.728  31.221    2.840    1.419    0.979
    458752  89.891  31.214    2.846    1.427    0.950
    524288  88.184  31.174    3.112    1.442    0.974
    655360  81.153  31.079    6.510    3.706    2.782
    786432  83.936  31.152    8.667    4.555    3.055
    917504  83.996  31.166    9.104    4.551    3.032
   1048576  83.961  31.167    9.103    4.583    3.051
   1310720  83.812  31.176    9.104    4.589    3.035
   1572864  83.813  31.164    9.124    4.586    3.054
   1835008  83.707  31.164    9.104    4.584    3.040
   2097152  83.882  31.163    8.454    4.587    3.046
   2621440  83.245  31.169    9.139    4.585    3.037
   3145728  83.324  31.179    9.126    4.588    3.055
   3670016  83.280  31.152    8.845    4.390    2.975
   4194304  82.624  31.030    9.015    4.647    3.549
   5242880  27.285   9.207   43.382   22.829   16.161
   6291456  22.797   8.838   53.266   28.262   19.604
   7340032  22.008   8.776   56.386   30.097   20.066
   8388608  21.302   8.849   57.190   30.358   21.278
  10485760  21.299   8.973   62.190   32.783   22.104
  12582912  21.310   8.941   63.485   33.692   23.725
  14680064  21.309   8.958   65.663   34.643   23.929
  16777216  21.306   8.949   65.954   34.858   24.000
  20971520  21.308   8.988   68.010   35.875   24.565
  25165824  21.287   8.677   68.963   36.413   25.142
  29360128  21.273   8.675   69.782   36.825   25.516
  33554432  21.307   8.924   70.390   37.189   25.259
  41943040  21.303   8.932   71.205   37.536   25.974
  50331648  21.295   8.953   71.746   37.789   26.084
  58720256  21.273   8.693   72.159   38.019   26.270
  67108864  21.300   8.953   72.786   38.209   26.371
  83886080  21.301   8.938   72.902   38.422   26.513
 100663296  21.306   8.943   73.181   38.538   26.525
 117440512  21.304   8.939   73.371   38.645   26.635
 134217728  21.294   8.954   73.530   38.737   26.686
 167772160  21.281   8.941   74.019   39.109   26.872
 201326592  21.291   8.949   74.350   39.319   26.829
 234881024  21.298   8.955   74.592   39.593   27.085
 268435456  21.296   8.963   74.777   39.613   27.155
 335544320  21.297   8.959   75.020   39.785   27.251
 402653184  21.299   8.947   75.191   39.877   27.187
 469762048  21.358   8.874   74.849   39.691   27.151
 536870912  21.365   8.872   74.972   40.004   27.154
 671088640  21.360   8.903   75.140   39.823   27.381
 805306368  21.302   8.946   75.588   40.319   27.660
 939524096  21.269   8.933   75.650   40.380   27.495
1073741824  21.298   8.824   75.690   40.796   27.279
#--------- ------- ------- -------- -------- --------


# page_size=1073741824
#    bytes   GiB/s   GiB/s       ns       ns       ns
#--------- ------- ------- -------- -------- --------
#     size    read   write latency1 latency2 latency3
#--------- ------- ------- -------- -------- --------
      8192  84.908  31.525    0.945    0.472    0.315
     10240  86.107  31.523    0.946    0.473    0.315
     12288  86.516  31.518    0.945    0.473    0.315
     14336  87.167  31.518    0.946    0.473    0.315
     16384  87.413  31.518    0.946    0.473    0.315
     20480  87.965  31.519    0.945    0.473    0.315
     24576  88.277  31.513    0.946    0.473    0.315
     28672  88.432  31.503    0.946    0.473    0.315
     32768  88.633  31.498    0.947    0.473    0.316
     40960  89.010  31.225    2.836    1.510    0.742
     49152  89.071  31.217    2.462    1.051    0.756
     57344  89.277  31.240    2.835    1.505    0.946
     65536  89.389  31.232    2.835    1.505    0.945
     81920  89.519  31.209    2.835    1.504    0.945
     98304  89.604  31.229    2.835    1.515    1.010
    114688  89.636  31.218    2.835    1.517    0.946
    131072  83.225  31.235    2.835    1.501    0.946
    163840  89.775  31.224    2.835    1.507    0.945
    196608  89.779  31.223    2.835    1.501    0.994
    229376  89.694  31.236    2.835    1.455    0.955
    262144  89.892  31.229    2.835    1.420    0.946
    327680  89.895  31.230    2.836    1.435    0.946
    393216  89.889  31.220    2.838    1.419    0.967
    458752  89.855  31.194    2.830    1.432    1.007
    524288  88.193  31.177    3.025    1.437    0.971
    655360  81.537  31.120    6.193    3.737    2.834
    786432  83.166  31.156    8.266    3.885    2.940
    917504  83.275  31.164    9.104    4.553    3.030
   1048576  83.373  31.169    9.104    4.595    3.051
   1310720  82.213  30.901    8.951    4.595    3.035
   1572864  83.181  31.167    9.123    4.595    3.064
   1835008  82.921  31.164    9.103    4.594    3.039
   2097152  83.265  31.167    9.104    4.445    2.840
   2621440  82.883  31.166    9.140    4.596    3.050
   3145728  82.863  31.178    9.126    4.595    3.062
   3670016  74.916  31.171    8.872    4.598    2.975
   4194304  81.999  31.015    9.009    5.093    4.022
   5242880  26.586   9.583   43.702   22.996   16.172
   6291456  22.857   8.694   52.475   28.090   19.505
   7340032  21.824   8.825   55.616   29.906   19.980
   8388608  21.375   8.843   56.313   30.165   21.163
  10485760  21.381   8.802   61.312   32.646   22.026
  12582912  21.378   8.790   62.518   33.477   23.656
  14680064  21.382   8.797   64.678   34.447   23.801
  16777216  21.382   8.842   64.987   34.693   23.891
  20971520  21.364   8.948   66.999   35.699   24.432
  25165824  21.382   8.917   67.964   36.228   25.058
  29360128  21.375   8.879   68.801   36.647   25.375
  33554432  21.396   8.883   69.342   37.009   25.146
  41943040  21.378   8.853   70.156   37.327   25.822
  50331648  21.383   8.857   70.682   37.606   25.888
  58720256  21.384   8.908   71.687   38.007   26.275
  67108864  21.311   8.938   72.448   38.149   26.360
  83886080  21.315   8.928   72.893   38.383   26.490
 100663296  21.309   8.943   73.172   38.526   26.466
 117440512  21.309   8.931   73.359   38.635   26.625
 134217728  21.312   8.950   73.516   38.728   26.678
 167772160  21.310   8.947   73.718   38.836   26.739
 201326592  21.304   8.942   73.857   38.902   26.804
 234881024  21.307   8.951   73.951   38.958   26.813
 268435456  21.315   8.943   74.030   39.106   26.855
 335544320  21.307   8.933   74.136   39.051   26.884
 402653184  21.320   8.937   74.204   39.091   26.996
 469762048  21.315   8.944   74.252   39.114   26.917
 536870912  21.311   8.943   74.288   39.525   26.929
 671088640  21.304   8.942   74.342   39.179   26.947
 805306368  21.298   8.943   74.378   39.187   27.187
 939524096  21.309   8.952   74.400   39.198   26.968
1073741824  21.318   8.945   74.417   39.596   26.969
#--------- ------- ------- -------- -------- --------
