# Kingston 2x8GiB DDR4-2400 MHz DIMM


# page_size=4096
#    bytes   GiB/s   GiB/s       ns       ns       ns
#--------- ------- ------- -------- -------- --------
#     size    read   write latency1 latency2 latency3
#--------- ------- ------- -------- -------- --------
      8192  48.826  32.290    0.922    0.461    0.307
     10240  58.562  32.308    0.922    0.461    0.307
     12288  58.727  32.313    0.922    0.461    0.307
     14336  58.851  32.313    0.922    0.461    0.307
     16384  58.742  32.317    0.922    0.461    0.307
     20480  59.615  32.317    0.922    0.461    0.307
     24576  59.622  32.318    0.922    0.461    0.307
     28672  59.995  32.324    0.922    0.461    0.307
     32768  60.342  32.325    0.922    0.461    0.307
     40960  53.903  31.775    2.765    1.432    0.724
     49152  53.935  31.803    2.765    1.396    0.941
     57344  53.981  31.793    2.765    1.440    0.922
     65536  54.034  31.783    2.765    1.404    0.928
     81920  54.051  31.779    2.765    1.448    0.926
     98304  54.101  31.816    2.765    1.403    0.965
    114688  54.076  31.802    2.765    1.449    0.926
    131072  54.115  31.805    2.765    1.407    0.931
    163840  54.131  31.836    2.765    1.410    0.935
    196608  54.136  31.836    2.765    1.395    0.922
    229376  54.135  31.810    2.765    1.388    0.922
    262144  54.097  31.828    2.768    1.384    0.922
    327680  53.712  31.796    3.425    1.762    1.166
    393216  53.537  31.803    4.216    2.187    1.459
    458752  52.291  31.787    4.728    2.407    1.607
    524288  52.475  31.742    5.456    2.723    1.860
    655360  52.007  31.772    6.633    3.395    2.418
    786432  51.264  25.195    7.996    4.202    2.667
    917504  51.125  25.205    8.112    4.198    2.765
   1048576  51.607  31.748    8.248    4.170    2.806
   1310720  45.083  29.072    9.780    5.030    3.463
   1572864  42.802  22.306   11.539    5.900    4.083
   1835008  41.784  25.954   14.763    8.225    4.962
   2097152  41.595  25.274   15.503    7.915    5.371
   2621440  38.496  23.796   17.649    9.182    6.122
   3145728  35.659  23.289   19.640   10.125    7.067
   3670016  33.068  19.980   25.496   13.186    8.904
   4194304  32.223  19.368   28.391   14.579    9.847
   5242880  28.403  14.777   36.350   18.661   12.472
   6291456  27.652  15.872   38.752   19.823   13.637
   7340032  25.687  14.324   46.147   23.544   15.703
   8388608  24.551  12.996   50.799   25.913   17.577
  10485760  22.411  12.557   57.262   29.156   19.664
  12582912  21.928  12.032   61.663   31.319   21.428
  14680064  21.177  11.470   65.926   33.473   22.621
  16777216  20.633  11.065   69.205   35.115   23.703
  20971520  19.956  10.695   71.697   36.329   24.444
  25165824  19.510  10.384   75.050   38.022   25.786
  29360128  19.370  10.226   76.999   38.943   26.374
  33554432  19.098  10.044   79.029   40.013   26.770
  41943040  18.955   9.867   81.598   41.206   27.868
  50331648  18.475   9.445   83.260   42.018   28.497
  58720256  18.290   9.395   85.267   43.050   28.431
  67108864  18.987   9.277   81.383   41.403   28.045
  83886080  19.037   9.290   82.987   42.149   28.607
 100663296  18.670   8.992   84.959   43.459   29.502
 117440512  18.615   8.893   86.341   43.781   29.659
 134217728  18.373   8.802   86.966   44.685   30.244
 167772160  18.427   8.676   89.178   45.116   30.504
 201326592  18.211   8.597   89.945   45.538   30.754
 234881024  18.234   8.543   90.464   45.764   30.983
 268435456  18.237   8.500   90.998   46.055   31.083
 335544320  18.274   8.454   91.642   46.339   31.354
 402653184  18.166   8.414   92.084   46.640   31.525
 469762048  18.115   8.389   92.552   46.722   31.538
 536870912  18.137   8.369   92.962   47.102   31.590
 671088640  18.138   8.343   93.456   47.290   31.869
 805306368  18.058   8.320   94.107   47.610   32.241
 939524096  17.910   8.309   94.911   47.908   32.267
1073741824  18.055   8.297   95.826   48.540   32.427
#--------- ------- ------- -------- -------- --------


# page_size=2097152
#    bytes   GiB/s   GiB/s       ns       ns       ns
#--------- ------- ------- -------- -------- --------
#     size    read   write latency1 latency2 latency3
#--------- ------- ------- -------- -------- --------
      8192  58.092  32.302    0.922    0.461    0.307
     10240  58.537  32.308    0.922    0.461    0.307
     12288  58.770  32.311    0.922    0.461    0.307
     14336  58.884  32.309    0.922    0.461    0.307
     16384  58.766  32.317    0.922    0.461    0.307
     20480  59.672  32.321    0.922    0.461    0.307
     24576  59.637  32.320    0.922    0.461    0.307
     28672  60.005  32.322    0.922    0.461    0.307
     32768  58.018  32.240    0.922    0.461    0.307
     40960  53.893  31.779    2.765    1.434    0.724
     49152  53.941  31.799    2.765    1.396    0.941
     57344  53.969  31.811    2.765    1.451    0.925
     65536  54.000  31.786    2.765    1.402    0.932
     81920  53.894  31.804    2.765    1.449    0.929
     98304  54.039  31.790    2.765    1.400    0.951
    114688  54.045  31.804    2.765    1.453    0.927
    131072  54.086  31.796    2.765    1.396    0.932
    163840  54.111  31.821    2.765    1.438    0.925
    196608  53.989  31.797    2.765    1.428    0.940
    229376  54.044  31.837    2.765    1.431    0.922
    262144  54.047  31.861    2.765    1.387    0.922
    327680  54.031  31.801    2.765    1.396    0.922
    393216  54.019  31.824    2.767    1.383    0.923
    458752  54.016  31.812    2.769    1.395    0.922
    524288  52.503  25.266    2.857    1.388    0.949
    655360  50.607  29.500    5.250    2.834    2.263
    786432  51.337  25.291    6.867    3.462    2.401
    917504  51.507  31.783    7.043    3.557    2.362
   1048576  51.757  31.761    6.812    3.514    2.339
   1310720  51.130  31.784    7.259    3.568    2.521
   1572864  51.233  31.780    7.311    3.717    2.526
   1835008  51.484  31.795    7.679    3.894    2.585
   2097152  51.232  28.281    7.481    3.814    2.546
   2621440  51.548  31.814    7.656    3.867    2.613
   3145728  51.199  31.815    7.735    3.914    2.635
   3670016  51.611  31.783    7.783    3.937    2.667
   4194304  51.208  30.450    7.809    3.932    2.692
   5242880  51.163  25.274    7.926    3.993    2.697
   6291456  51.503  31.785    7.961    4.012    2.708
   7340032  51.461  31.765    8.012    4.032    2.723
   8388608  24.155  21.224   15.487    8.157    8.061
  10485760  19.261   8.516   51.585   25.051   16.755
  12582912  19.258   8.292   54.385   29.077   18.207
  14680064  19.110   8.408   60.041   30.600   20.050
  16777216  19.161   8.352   60.279   31.074   20.472
  20971520  19.153   8.342   64.899   33.447   22.161
  25165824  19.192   8.368   67.182   34.290   23.330
  29360128  19.207   8.362   68.792   35.287   24.032
  33554432  19.253   8.418   69.394   35.698   23.626
  41943040  19.243   8.395   71.501   36.515   25.016
  50331648  19.131   8.385   72.387   36.981   25.136
  58720256  19.141   8.362   73.395   37.554   25.660
  67108864  19.255   8.371   73.775   37.599   25.852
  83886080  19.157   8.371   75.580   38.180   26.097
 100663296  19.254   8.396   75.480   38.523   26.146
 117440512  19.236   8.383   75.838   38.747   26.341
 134217728  19.200   8.383   76.152   38.781   26.414
 167772160  19.137   8.384   77.086   39.284   26.718
 201326592  19.178   8.380   77.536   39.530   26.821
 234881024  19.264   8.387   78.052   39.762   27.008
 268435456  19.254   8.382   78.295   39.862   27.155
 335544320  19.232   8.380   78.766   40.080   27.309
 402653184  19.144   8.379   79.094   40.199   27.484
 469762048  19.251   8.380   79.284   40.279   27.455
 536870912  19.269   8.382   79.407   40.832   27.499
 671088640  19.258   8.383   79.661   40.460   27.534
 805306368  19.229   8.382   79.817   40.494   27.880
 939524096  19.201   8.378   79.836   40.574   27.631
1073741824  19.216   8.377   79.954   41.095   27.659
#--------- ------- ------- -------- -------- --------


# page_size=1073741824
#    bytes   GiB/s   GiB/s       ns       ns       ns
#--------- ------- ------- -------- -------- --------
#     size    read   write latency1 latency2 latency3
#--------- ------- ------- -------- -------- --------
      8192  58.137  32.301    0.922    0.461    0.307
     10240  58.537  32.302    0.922    0.461    0.307
     12288  58.771  32.310    0.922    0.461    0.307
     14336  58.882  32.314    0.922    0.461    0.307
     16384  58.751  32.316    0.922    0.461    0.307
     20480  59.677  32.318    0.922    0.461    0.307
     24576  59.648  32.320    0.922    0.461    0.307
     28672  60.002  32.322    0.922    0.461    0.307
     32768  58.188  32.238    0.923    0.461    0.307
     40960  53.914  31.776    2.765    1.442    0.723
     49152  53.946  31.779    2.765    1.412    0.945
     57344  53.976  31.806    2.765    1.456    0.925
     65536  54.004  31.830    2.765    1.410    0.933
     81920  54.057  31.807    2.765    1.461    0.926
     98304  54.061  31.802    2.765    1.404    0.971
    114688  54.054  31.821    2.765    1.444    0.928
    131072  54.044  31.843    2.765    1.407    0.927
    163840  54.058  31.816    2.765    1.455    0.925
    196608  54.070  31.840    2.765    1.441    0.934
    229376  54.040  31.834    2.765    1.441    0.925
    262144  54.050  31.807    2.766    1.387    0.922
    327680  54.027  31.813    2.765    1.395    0.922
    393216  54.010  31.828    2.767    1.383    0.922
    458752  54.017  31.809    2.769    1.390    0.922
    524288  53.752  31.805    2.844    1.431    0.944
    655360  50.973  31.666    5.251    2.732    2.260
    786432  51.537  31.363    6.856    3.450    2.385
    917504  51.442  25.249    7.037    3.555    2.370
   1048576  51.415  31.819    6.802    3.516    2.337
   1310720  51.670  31.780    7.262    3.557    2.509
   1572864  51.529  31.799    7.313    3.707    2.509
   1835008  51.247  26.845    7.683    3.874    2.583
   2097152  51.625  31.776    7.479    3.818    2.552
   2621440  51.617  31.785    7.659    3.869    2.614
   3145728  51.625  31.793    7.727    3.898    2.621
   3670016  51.630  31.776    7.779    3.929    2.665
   4194304  51.265  31.820    7.808    3.926    2.690
   5242880  51.480  31.806    7.923    3.988    2.698
   6291456  51.196  31.797    7.952    4.010    2.701
   7340032  50.988  31.739    8.007    4.040    2.712
   8388608  24.259  21.352   15.189    7.945    7.897
  10485760  19.240   8.515   51.514   24.885   16.778
  12582912  19.142   8.347   54.264   29.000   18.107
  14680064  19.107   8.420   60.028   30.534   20.027
  16777216  19.246   8.354   60.226   30.970   20.400
  20971520  19.221   8.346   64.937   33.428   22.069
  25165824  19.239   8.365   67.018   34.239   23.230
  29360128  19.103   8.349   68.714   35.266   24.046
  33554432  19.220   8.351   69.448   35.724   23.718
  41943040  19.303   8.407   71.555   36.558   25.074
  50331648  19.249   8.391   72.480   37.013   25.148
  58720256  19.120   8.383   73.632   37.581   25.682
  67108864  19.235   8.380   73.846   37.626   25.820
  83886080  19.239   8.366   74.978   38.201   26.120
 100663296  19.230   8.364   75.491   38.549   26.169
 117440512  19.208   8.386   75.908   38.753   26.389
 134217728  19.244   8.375   76.356   38.845   26.538
 167772160  19.233   8.375   76.750   39.166   26.623
 201326592  19.247   8.377   76.986   39.255   26.615
 234881024  19.221   8.372   77.263   39.411   26.709
 268435456  19.088   8.379   77.404   39.410   26.873
 335544320  19.244   8.377   77.585   39.574   26.859
 402653184  19.066   8.379   77.835   39.714   27.134
 469762048  19.271   8.377   77.945   39.702   26.991
 536870912  19.237   8.379   77.881   40.293   26.974
 671088640  19.233   8.377   78.132   39.983   26.993
 805306368  19.288   8.377   78.127   39.790   27.372
 939524096  19.181   8.378   78.160   40.033   27.048
1073741824  19.172   8.377   78.209   40.297   27.062
#--------- ------- ------- -------- -------- --------
