# Hynix 2x4GiB DDR4-3200 MHz SODIMM


# page_size=4096
#    bytes   GiB/s   GiB/s       ns       ns       ns
#--------- ------- ------- -------- -------- --------
#     size    read   write latency1 latency2 latency3
#--------- ------- ------- -------- -------- --------
      8192  53.990  29.992    0.993    0.496    0.331
     10240  56.856  29.996    0.993    0.496    0.331
     12288  57.340  29.988    0.994    0.496    0.331
     14336  57.560  30.000    0.993    0.496    0.331
     16384  57.993  29.990    0.993    0.497    0.331
     20480  56.949  29.996    0.993    0.497    0.331
     24576  58.647  29.992    0.993    0.496    0.331
     28672  58.811  29.992    0.993    0.497    0.331
     32768  58.973  29.992    0.994    0.496    0.331
     40960  51.270  29.749    2.979    1.537    0.779
     49152  51.159  29.715    2.978    1.513    1.039
     57344  51.209  29.741    2.979    1.539    0.994
     65536  51.351  29.725    2.979    1.528    0.977
     81920  51.292  29.719    2.979    1.504    0.993
     98304  51.384  29.684    2.983    1.517    1.031
    114688  51.325  29.705    2.984    1.514    0.995
    131072  51.480  29.682    2.984    1.501    1.005
    163840  51.253  29.685    2.984    1.514    1.001
    196608  51.446  29.703    2.985    1.505    1.013
    229376  51.347  29.688    2.984    1.502    1.000
    262144  51.315  29.695    2.986    1.496    0.994
    327680  51.322  29.682    3.382    1.738    1.147
    393216  50.594  29.652    3.921    2.038    1.328
    458752  50.089  29.647    4.833    2.467    1.701
    524288  49.848  29.634    6.075    3.072    1.919
    655360  49.589  29.610    8.255    4.248    2.897
    786432  49.774  29.495    9.725    4.966    3.202
    917504  49.865  29.532   10.496    5.278    3.535
   1048576  50.222  29.599   10.829    5.446    3.638
   1310720  50.265  29.587   11.288    5.672    3.730
   1572864  50.216  29.600   11.052    5.520    3.687
   1835008  50.191  29.602   11.288    5.677    3.767
   2097152  50.148  29.639   11.110    5.566    3.722
   2621440  50.087  29.619   11.166    5.579    3.726
   3145728  44.294  28.539   11.470    5.892    4.005
   3670016  33.226  23.084   17.014    8.673    6.454
   4194304  27.037  18.369   22.513   11.449    9.059
   5242880  19.195   9.125   46.224   21.820   16.054
   6291456  18.463   7.961   59.622   29.329   19.899
   7340032  17.540   7.427   67.873   34.149   22.766
   8388608  16.854   7.346   72.969   36.069   24.427
  10485760  16.838   7.341   77.543   38.517   26.193
  12582912  16.736   7.351   83.904   41.265   28.186
  14680064  16.693   7.354   83.880   41.779   28.398
  16777216  16.673   7.358   89.012   43.714   29.758
  20971520  16.691   7.360   92.018   45.274   30.321
  25165824  16.717   7.361   93.851   46.276   30.985
  29360128  16.728   7.358   95.291   47.042   31.228
  33554432  16.728   7.367   92.997   46.385   31.727
  41943040  16.743   7.370   98.280   48.697   32.138
  50331648  16.752   7.373   99.343   49.436   32.603
  58720256  16.773   7.375  100.329   50.054   32.839
  67108864  16.783   7.377  101.146   50.460   33.107
  83886080  16.787   7.405  102.333   51.152   33.478
 100663296  16.798   7.432   99.911   49.794   33.335
 117440512  16.866   7.444  104.257   51.861   33.984
 134217728  16.914   7.462  104.889   52.083   34.166
 167772160  16.898   7.485  102.642   50.988   34.096
 201326592  16.888   7.500  106.896   53.052   34.968
 234881024  16.877   7.508  104.282   51.694   34.667
 268435456  16.873   7.517  108.081   53.696   35.474
 335544320  16.868   7.528  108.945   54.233   35.813
 402653184  16.923   7.544  109.930   54.507   36.274
 469762048  16.909   7.547  111.213   54.989   36.441
 536870912  16.901   7.552  112.693   55.763   36.819
 671088640  16.884   7.555  116.409   57.349   37.884
 805306368  16.883   7.557  120.958   59.454   39.604
 939524096  16.885   7.560  125.727   61.736   40.726
1073741824  16.877   7.561  129.308   63.799   42.114
#--------- ------- ------- -------- -------- --------


# page_size=2097152
#    bytes   GiB/s   GiB/s       ns       ns       ns
#--------- ------- ------- -------- -------- --------
#     size    read   write latency1 latency2 latency3
#--------- ------- ------- -------- -------- --------
      8192  54.141  30.018    0.993    0.496    0.331
     10240  56.741  30.018    0.993    0.496    0.331
     12288  56.883  30.022    0.993    0.496    0.331
     14336  57.734  30.025    0.993    0.496    0.331
     16384  58.008  30.020    0.993    0.496    0.331
     20480  58.097  30.018    0.993    0.496    0.331
     24576  58.653  30.020    0.993    0.497    0.331
     28672  58.633  30.015    0.993    0.496    0.331
     32768  56.535  29.992    0.993    0.497    0.331
     40960  51.284  29.747    2.980    1.527    0.778
     49152  51.229  29.738    2.980    1.505    1.030
     57344  51.245  29.736    2.980    1.512    0.995
     65536  51.410  29.727    2.980    1.520    0.993
     81920  51.492  29.715    2.980    1.501    0.992
     98304  51.491  29.731    2.980    1.529    1.057
    114688  51.409  29.743    2.980    1.499    0.992
    131072  51.464  29.736    2.980    1.529    0.997
    163840  51.323  29.741    2.980    1.529    0.993
    196608  51.517  29.754    2.980    1.514    1.005
    229376  51.463  29.732    2.980    1.508    0.993
    262144  51.440  29.742    2.980    1.489    0.993
    327680  51.546  29.724    2.980    1.501    0.993
    393216  51.503  29.734    2.982    1.489    1.025
    458752  51.453  29.732    2.983    1.499    0.999
    524288  51.053  29.710    3.153    1.500    1.013
    655360  48.814  29.630    6.703    3.834    2.900
    786432  50.378  29.700    9.087    4.778    3.199
    917504  50.652  29.675    9.560    4.779    3.186
   1048576  50.645  29.680    9.560    4.810    3.195
   1310720  50.633  29.653    9.561    4.808    3.186
   1572864  50.627  29.681    9.581    4.809    3.201
   1835008  50.612  29.662    9.561    4.808    3.186
   2097152  50.566  29.655    9.561    4.808    3.203
   2621440  50.554  29.656    9.601    4.810    3.188
   3145728  50.590  29.664    9.596    4.762    3.203
   3670016  50.493  29.638    9.625    4.820    3.207
   4194304  50.278  29.456    9.705    4.847    3.365
   5242880  19.711   8.952   51.813   26.279   18.961
   6291456  18.114   7.684   63.854   32.924   22.021
   7340032  17.830   7.679   69.215   35.135   23.484
   8388608  17.503   7.660   70.156   35.367   24.042
  10485760  17.491   7.616   73.653   37.505   25.427
  12582912  17.489   7.619   78.341   39.287   27.060
  14680064  17.487   7.614   77.867   39.558   27.063
  16777216  17.482   7.590   81.644   40.825   27.839
  20971520  17.498   7.627   83.928   41.892   28.111
  25165824  17.488   7.614   84.783   42.496   28.610
  29360128  17.481   7.616   86.070   42.909   28.949
  33554432  17.487   7.609   83.492   42.029   28.739
  41943040  17.489   7.615   87.694   43.835   29.412
  50331648  17.470   7.578   88.575   44.300   29.548
  58720256  17.481   7.587   88.797   44.280   29.751
  67108864  17.480   7.531   89.310   44.581   29.843
  83886080  17.458   7.426   89.329   44.887   29.996
 100663296  17.460   7.462   86.919   43.376   29.351
 117440512  17.451   7.414   90.030   45.055   30.161
 134217728  17.444   7.459   90.434   45.522   30.224
 167772160  17.445   7.431   87.862   43.965   30.016
 201326592  17.448   7.441   91.599   46.096   30.455
 234881024  17.446   7.449   88.500   44.540   30.240
 268435456  17.456   7.442   92.127   46.029   30.717
 335544320  17.444   7.448   92.240   46.330   30.803
 402653184  17.448   7.431   92.358   46.503   30.954
 469762048  17.439   7.437   92.552   46.673   30.922
 536870912  17.441   7.435   92.905   46.899   30.947
 671088640  17.453   7.457   92.956   46.720   30.995
 805306368  17.438   7.466   93.105   46.940   31.377
 939524096  17.440   7.463   93.311   46.805   31.058
1073741824  17.451   7.438   89.588   45.145   30.655
#--------- ------- ------- -------- -------- --------


# page_size=1073741824
#    bytes   GiB/s   GiB/s       ns       ns       ns
#--------- ------- ------- -------- -------- --------
#     size    read   write latency1 latency2 latency3
#--------- ------- ------- -------- -------- --------
      8192  55.221  29.999    0.993    0.497    0.331
     10240  56.892  30.006    0.993    0.496    0.331
     12288  57.025  30.006    0.992    0.497    0.331
     14336  56.475  30.008    0.993    0.497    0.331
     16384  57.454  30.008    0.992    0.497    0.331
     20480  58.405  30.002    0.992    0.497    0.331
     24576  58.252  29.996    0.993    0.497    0.331
     28672  58.087  30.001    0.993    0.496    0.331
     32768  56.587  29.985    0.993    0.497    0.331
     40960  51.293  29.779    2.979    1.498    0.780
     49152  51.206  29.762    2.980    1.506    1.005
     57344  51.248  29.763    2.980    1.500    0.997
     65536  51.404  29.765    2.980    1.533    0.994
     81920  51.526  29.746    2.980    1.538    0.993
     98304  51.484  29.757    2.979    1.516    1.018
    114688  51.434  29.749    2.979    1.536    0.993
    131072  51.457  29.728    2.980    1.527    0.994
    163840  51.324  29.772    2.980    1.519    0.995
    196608  51.569  29.748    2.980    1.522    1.011
    229376  51.457  29.749    2.981    1.525    0.996
    262144  51.431  29.740    2.980    1.502    0.994
    327680  51.569  29.741    2.980    1.506    0.993
    393216  51.545  29.741    2.982    1.489    1.014
    458752  51.417  29.747    2.983    1.499    0.996
    524288  50.992  29.731    3.141    1.500    1.014
    655360  48.825  29.641    6.703    3.835    2.902
    786432  50.321  29.709    9.090    4.778    3.199
    917504  50.649  29.684    9.556    4.778    3.186
   1048576  50.641  29.675    9.556    4.808    3.196
   1310720  50.630  29.669    9.557    4.808    3.186
   1572864  50.628  29.689    9.577    4.807    3.202
   1835008  50.617  29.674    9.556    4.808    3.187
   2097152  50.572  29.676    9.568    4.808    3.204
   2621440  50.617  29.661    9.600    4.810    3.188
   3145728  50.576  29.674    9.589    4.810    3.205
   3670016  50.482  29.647    9.621    4.816    3.207
   4194304  50.042  29.513    9.736    4.879    3.350
   5242880  19.692   8.953   51.858   26.291   18.957
   6291456  18.114   7.688   63.952   32.943   22.037
   7340032  17.717   7.673   69.331   35.167   23.506
   8388608  17.495   7.658   70.179   35.396   24.065
  10485760  17.495   7.660   73.694   37.531   25.444
  12582912  17.493   7.660   78.378   39.303   27.080
  14680064  17.495   7.651   77.889   39.563   27.074
  16777216  17.494   7.652   81.686   40.839   27.852
  20971520  17.494   7.645   84.005   41.904   28.138
  25165824  17.489   7.643   84.912   42.529   28.635
  29360128  17.494   7.639   86.166   42.927   28.975
  33554432  17.489   7.633   83.449   42.047   28.766
  41943040  17.479   7.627   87.761   43.825   29.425
  50331648  17.488   7.626   88.587   44.301   29.559
  58720256  17.491   7.628   88.749   44.283   30.148
  67108864  17.396   7.595   92.408   44.618   29.917
  83886080  17.397   7.605   92.988   45.009   30.069
 100663296  17.399   7.597   89.705   44.108   29.371
 117440512  17.486   7.615   90.014   45.065   30.176
 134217728  17.477   7.618   90.386   45.498   30.242
 167772160  17.457   7.620   87.556   43.614   29.869
 201326592  17.475   7.618   91.163   45.612   30.262
 234881024  17.472   7.617   87.799   43.812   29.921
 268435456  17.473   7.615   91.449   45.530   30.406
 335544320  17.473   7.619   91.427   45.660   30.418
 402653184  17.476   7.616   91.382   45.777   30.528
 469762048  17.482   7.619   94.838   45.788   30.562
 536870912  17.382   7.584   95.948   45.953   30.573
 671088640  17.383   7.584   96.006   46.313   30.927
 805306368  17.467   7.617   91.974   45.864   30.829
 939524096  17.479   7.617   92.290   45.816   30.557
1073741824  17.481   7.622   88.352   44.553   30.070
#--------- ------- ------- -------- -------- --------


