# Samsumg 12 x 64GiB ECC DDR5-4800 RDIMM
# L1I 8-way, 32KiB
# L1D 8-way, 32KiB
# L2U 8-way, 1024KiB
# L3U 16-way, 32768KiB
# L1ITLB 4KiB pages, 64 entries
# L1DTLB 4KiB pages, 72 entries
# L1ITLB 2MiB pages, 64 entries
# L1DTLB 2MiB pages, 72 entries
# L1ITLB 1GiB pages, 64 entries
# L1DTLB 1GiB pages, 64 entries
# L2ITLB 4KiB pages, 4-way, 512 entries
# L2DTLB 4KiB pages, 12-way, 3072 entries
# L2ITLB 2MiB pages, 2-way, 512 entries
# L2DTLB 2MiB pages, 6-way, 3072 entries
# L2DTLB 1GiB pages, 64 entries


# page_size=4096
#    bytes   GiB/s   GiB/s       ns       ns       ns
#--------- ------- ------- -------- -------- --------
#     size    read   write latency1 latency2 latency3
#--------- ------- ------- -------- -------- --------
      8192  79.993  56.399    1.054    0.527    0.351
     10240  83.969  56.566    1.054    0.527    0.351
     12288  82.163  56.125    1.054    0.527    0.351
     14336  82.539  56.184    1.054    0.527    0.351
     16384  82.777  56.029    1.054    0.527    0.351
     20480  83.194  56.128    1.055    0.527    0.351
     24576  83.434  56.227    1.055    0.527    0.352
     28672  83.599  56.250    1.055    0.527    0.352
     32768  83.783  56.259    1.055    0.527    0.352
     40960  59.299  55.195    3.691    1.846    0.971
     49152  59.484  55.424    3.692    1.847    1.248
     57344  59.613  55.577    3.692    1.846    1.230
     65536  59.727  55.683    3.693    1.847    1.248
     81920  59.862  55.868    3.694    1.849    1.244
     98304  59.970  55.973    3.694    1.851    1.248
    114688  60.036  56.050    3.695    1.850    1.231
    131072  60.088  56.110    3.696    1.850    1.246
    163840  60.160  56.198    3.697    1.848    1.267
    196608  60.207  56.251    3.699    1.849    1.249
    229376  60.228  56.283    3.700    1.850    1.250
    262144  60.270  56.318    3.701    1.850    1.248
    327680  60.074  56.212    3.949    2.016    1.352
    393216  60.103  56.244    4.355    2.259    1.485
    458752  60.121  56.282    4.650    2.365    1.554
    524288  60.129  56.303    4.621    2.317    1.572
    655360  59.154  55.707    5.289    2.762    1.772
    786432  57.757  54.751    6.467    3.340    2.081
    917504  56.576  53.861    6.736    3.408    2.234
   1048576  54.525  52.188    8.214    4.144    2.893
   1310720  54.825  52.181    9.968    4.818    3.526
   1572864  55.675  52.367   11.500    5.516    3.715
   1835008  56.333  52.573   12.787    6.374    4.292
   2097152  56.656  52.678   12.414    6.322    4.317
   2621440  56.845  52.746   13.458    6.406    4.560
   3145728  56.855  52.744   13.934    6.698    4.525
   3670016  56.859  52.753   13.919    7.071    4.607
   4194304  56.874  52.758   14.627    7.060    4.761
   5242880  56.873  52.733   15.541    7.437    5.074
   6291456  56.921  52.781   15.736    7.434    4.877
   7340032  56.783  52.685   16.328    7.512    5.071
   8388608  56.823  52.697   15.867    7.567    5.100
  10485760  56.863  52.706   16.431    7.772    5.250
  12582912  56.809  52.677   16.928    7.933    5.226
  14680064  56.840  52.681   18.432    8.569    5.754
  16777216  56.645  52.522   20.065    9.248    6.200
  20971520  55.373  50.125   23.128   10.426    7.268
  25165824  54.821  51.050   27.256   12.170    7.967
  29360128  52.399  48.908   34.291   15.392   10.677
  33554432  50.199  46.988   40.734   19.334   14.563
  41943040  47.661  44.320   56.983   28.120   19.307
  50331648  46.802  42.567   69.569   34.006   23.804
  58720256  46.245  40.933   78.567   38.781   27.572
  67108864  46.238  39.473   84.764   42.125   29.229
  83886080  46.036  36.264   92.075   46.701   32.227
 100663296  45.744  34.649   97.112   49.047   33.425
 117440512  45.471  33.144  101.050   50.617   38.645
 134217728  45.029  32.004  104.193   51.805   35.152
 167772160  44.368  30.465  108.441   53.622   36.154
 201326592  43.616  29.485  111.418   55.025   37.164
 234881024  42.948  28.801  113.964   56.195   39.312
 268435456  42.102  28.312  115.401   56.953   38.657
 335544320  41.406  27.642  118.231   58.384   39.394
 402653184  40.962  26.846  120.016   59.409   40.647
 469762048  40.356  26.367  121.253   60.005   41.501
 536870912  40.175  26.349  122.651   61.755   40.828
 671088640  39.925  26.329  124.675   61.744   42.067
 805306368  39.776  26.321  125.806   62.322   42.485
 939524096  39.728  26.308  126.777   62.724   42.054
1073741824  39.684  26.296  127.780   63.905   42.235
#--------- ------- ------- -------- -------- --------


# page_size=2097152
#    bytes   GiB/s   GiB/s       ns       ns       ns
#--------- ------- ------- -------- -------- --------
#     size    read   write latency1 latency2 latency3
#--------- ------- ------- -------- -------- --------
      8192  82.844  56.412    1.054    0.527    0.351
     10240  82.989  56.552    1.054    0.527    0.351
     12288  82.180  56.002    1.054    0.527    0.351
     14336  82.032  55.964    1.054    0.527    0.351
     16384  82.845  56.057    1.054    0.527    0.351
     20480  83.197  56.141    1.054    0.527    0.351
     24576  83.432  56.228    1.055    0.527    0.352
     28672  83.638  56.266    1.055    0.527    0.352
     32768  79.559  55.577    1.134    0.535    0.375
     40960  59.224  55.200    3.691    1.847    0.969
     49152  59.425  55.425    3.692    1.846    1.246
     57344  59.560  55.570    3.692    1.848    1.230
     65536  59.684  55.703    3.692    1.848    1.248
     81920  59.807  55.861    3.693    1.847    1.249
     98304  59.929  55.980    3.694    1.848    1.248
    114688  60.002  56.052    3.694    1.848    1.231
    131072  60.057  56.117    3.695    1.849    1.247
    163840  60.135  56.199    3.695    1.848    1.258
    196608  60.200  56.253    3.696    1.850    1.248
    229376  60.220  56.294    3.697    1.850    1.249
    262144  60.252  56.319    3.697    1.849    1.248
    327680  60.296  56.359    3.700    1.851    1.247
    393216  60.326  56.385    3.703    1.850    1.249
    458752  60.339  56.397    3.704    1.851    1.250
    524288  60.343  56.412    3.707    1.850    1.237
    655360  60.354  56.427    3.715    1.853    1.248
    786432  60.362  56.435    3.737    1.855    1.247
    917504  60.342  56.437    3.749    1.862    1.242
   1048576  60.035  56.223    3.784    1.874    1.255
   1310720  56.859  53.206    9.380    5.032    3.363
   1572864  56.909  53.162   10.702    5.253    3.478
   1835008  57.024  53.032   11.866    5.933    3.897
   2097152  57.030  52.998   10.831    5.637    3.834
   2621440  55.441  51.129   11.494    5.913    4.032
   3145728  56.956  53.013   11.795    5.831    3.983
   3670016  56.968  52.997   12.153    6.214    4.087
   4194304  56.984  52.968   12.147    6.098    4.064
   5242880  56.955  52.997   13.321    6.397    4.412
   6291456  56.934  52.908   13.004    6.363    4.207
   7340032  56.832  52.896   13.364    6.715    4.523
   8388608  56.835  52.879   13.731    6.666    4.438
  10485760  55.252  50.967   14.092    6.958    4.528
  12582912  56.753  52.794   14.519    6.792    4.495
  14680064  56.765  52.768   14.887    6.921    4.693
  16777216  56.675  52.749   15.368    7.020    4.762
  20971520  56.628  52.631   16.198    7.220    4.958
  25165824  56.522  52.514   17.131    7.445    4.858
  29360128  56.353  52.487   18.131    7.641    5.090
  33554432  55.502  51.707   19.697    8.058    5.548
  41943040  39.009  37.436   44.806   22.820   16.292
  50331648  38.865  36.715   60.378   30.413   20.453
  58720256  38.396  35.166   69.860   36.988   25.347
  67108864  39.136  35.965   76.367   38.539   27.692
  83886080  39.267  34.656   82.352   42.561   29.596
 100663296  39.291  33.108   86.726   44.295   30.501
 117440512  39.288  31.803   90.131   45.980   36.079
 134217728  39.100  30.952   92.731   46.903   32.478
 167772160  38.893  29.595   96.611   48.425   33.083
 201326592  38.349  28.691   99.350   49.560   34.049
 234881024  37.750  27.964  101.314   50.437   35.148
 268435456  36.949  27.363  103.012   51.518   35.080
 335544320  36.220  25.644  105.698   52.094   35.086
 402653184  35.181  25.165  106.105   52.769   36.313
 469762048  35.180  25.125  107.075   53.415   37.089
 536870912  35.138  25.180  107.848   54.183   36.025
 671088640  35.144  25.145  108.966   54.329   37.291
 805306368  35.075  25.078  109.291   54.661   37.586
 939524096  35.096  25.159  110.407   55.308   36.955
1073741824  35.116  25.164  110.368   55.710   37.035
#--------- ------- ------- -------- -------- --------


# page_size=1073741824
#    bytes   GiB/s   GiB/s       ns       ns       ns
#--------- ------- ------- -------- -------- --------
#     size    read   write latency1 latency2 latency3
#--------- ------- ------- -------- -------- --------
      8192  84.073  56.464    1.054    0.527    0.351
     10240  83.968  56.521    1.054    0.527    0.351
     12288  82.081  55.968    1.054    0.527    0.351
     14336  82.473  55.986    1.054    0.527    0.351
     16384  82.843  56.052    1.054    0.527    0.352
     20480  83.206  56.161    1.055    0.527    0.352
     24576  83.421  56.200    1.055    0.527    0.352
     28672  83.617  56.247    1.055    0.527    0.352
     32768  79.616  55.573    1.135    0.537    0.378
     40960  59.220  55.199    3.691    1.847    0.967
     49152  59.430  55.420    3.691    1.848    1.246
     57344  59.565  55.565    3.692    1.847    1.230
     65536  59.679  55.690    3.692    1.849    1.247
     81920  59.824  55.866    3.693    1.847    1.245
     98304  59.938  55.976    3.694    1.848    1.247
    114688  60.017  56.056    3.694    1.848    1.231
    131072  60.062  56.116    3.695    1.848    1.248
    163840  60.153  56.203    3.695    1.848    1.254
    196608  60.192  56.259    3.696    1.849    1.249
    229376  60.222  56.300    3.697    1.850    1.248
    262144  60.260  56.330    3.697    1.850    1.248
    327680  60.286  56.362    3.701    1.851    1.246
    393216  60.302  56.386    3.703    1.851    1.249
    458752  60.320  56.408    3.705    1.852    1.250
    524288  60.339  56.419    3.707    1.853    1.239
    655360  60.350  56.434    3.714    1.854    1.249
    786432  60.364  56.438    3.737    1.857    1.246
    917504  60.348  56.424    3.748    1.863    1.242
   1048576  60.028  56.211    3.781    1.875    1.257
   1310720  56.890  53.182    9.362    5.032    3.360
   1572864  56.904  53.161   10.658    5.251    3.681
   1835008  57.014  53.044   11.708    5.760    3.896
   2097152  57.033  52.993   10.786    5.610    3.784
   2621440  56.997  53.025   11.390    5.984    3.946
   3145728  56.937  53.015   11.643    5.818    3.957
   3670016  56.996  53.011   12.399    6.155    4.107
   4194304  56.968  52.980   12.747    6.087    4.147
   5242880  56.926  52.961   12.748    6.181    4.182
   6291456  56.961  52.964   13.471    6.344    4.298
   7340032  55.350  51.040   13.940    6.578    4.482
   8388608  56.911  52.913   13.744    6.589    4.445
  10485760  56.811  52.853   14.074    6.667    4.534
  12582912  56.781  52.813   14.488    6.789    4.507
  14680064  56.785  52.754   14.924    7.434    5.225
  16777216  56.678  52.756   15.409    7.038    4.761
  20971520  56.597  52.646   16.189    7.230    4.959
  25165824  56.513  52.577   17.136    7.432    4.852
  29360128  56.416  52.025   18.126    7.643    5.091
  33554432  55.486  51.698   19.738    8.053    5.561
  41943040  38.962  37.419   45.256   22.961   16.374
  50331648  38.842  36.847   60.521   30.395   20.462
  58720256  38.954  36.401   70.205   35.246   25.370
  67108864  39.047  35.904   76.585   38.523   27.699
  83886080  38.920  33.659   82.474   42.578   29.632
 100663296  39.253  33.056   86.812   44.696   30.610
 117440512  39.255  31.879   90.175   45.992   36.050
 134217728  39.124  31.025   94.347   47.858   32.773
 167772160  38.928  29.643   96.411   48.323   33.072
 201326592  38.468  28.724   99.308   49.330   33.765
 234881024  37.841  27.787  100.559   50.086   35.604
 268435456  37.011  27.383  101.812   50.666   34.288
 335544320  36.371  26.220  103.582   51.537   34.773
 402653184  35.209  25.172  104.799   52.123   35.957
 469762048  35.132  25.179  105.738   52.612   36.639
 536870912  34.714  24.686  106.781   53.789   35.547
 671088640  35.117  25.182  107.198   53.587   36.753
 805306368  35.152  25.164  107.870   53.893   37.219
 939524096  35.088  25.191  108.613   54.215   36.222
1073741824  35.070  25.184  108.505   54.677   36.377
#--------- ------- ------- -------- -------- --------
