# Hynix 4 x 16GiB DDR4-2400 ECC UDIMM


# page_size=4096
#    bytes   GiB/s   GiB/s       ns       ns       ns
#--------- ------- ------- -------- -------- --------
#     size    read   write latency1 latency2 latency3
#--------- ------- ------- -------- -------- --------
      8192  50.025  28.953    1.028    0.514    0.343
     10240  53.581  28.958    1.028    0.514    0.343
     12288  53.755  28.963    1.030    0.515    0.343
     14336  53.855  28.966    1.028    0.514    0.343
     16384  54.054  28.967    1.029    0.515    0.343
     20480  54.174  28.970    1.029    0.514    0.343
     24576  54.289  28.971    1.028    0.514    0.344
     28672  54.409  28.970    1.029    0.514    0.343
     32768  53.526  28.962    1.029    0.514    0.343
     40960  35.820  25.664    3.085    1.574    0.792
     49152  35.628  25.694    3.085    1.601    1.126
     57344  35.690  25.731    3.085    1.592    1.082
     65536  35.677  25.712    3.074    1.593    1.120
     81920  34.965  25.239    3.850    2.060    1.368
     98304  34.704  25.134    3.979    2.089    1.479
    114688  34.602  25.060    4.173    2.139    1.441
    131072  34.363  24.852    4.508    2.320    1.572
    163840  34.283  24.793    4.547    2.431    1.620
    196608  34.203  24.790    4.587    2.430    1.655
    229376  34.025  24.601    4.939    2.571    1.721
    262144  33.073  24.298    5.570    2.927    1.950
    327680  32.509  24.101    6.438    3.503    2.284
    393216  31.901  23.841    7.629    4.094    2.737
    458752  31.377  23.569    8.660    4.552    3.018
    524288  31.004  23.376    9.073    4.616    3.113
    655360  30.693  23.202   10.136    5.330    3.506
    786432  30.646  23.177   10.919    5.634    3.659
    917504  30.634  23.170   10.883    5.579    3.663
   1048576  30.638  23.172   10.805    5.495    3.717
   1310720  30.639  23.171   11.649    5.893    3.874
   1572864  30.639  23.171   11.289    5.738    3.908
   1835008  30.645  23.169   11.755    5.934    4.039
   2097152  30.647  23.172   11.410    5.794    3.935
   2621440  30.743  23.171   11.097    5.634    3.824
   3145728  30.802  23.169   10.866    5.509    3.753
   3670016  30.372  23.169   10.702    5.424    3.693
   4194304  30.867  23.168   10.585    5.363    3.654
   5242880  30.888  23.165   10.419    5.283    3.593
   6291456  29.820  23.065   11.662    5.980    4.067
   7340032  27.477  22.911   15.380    9.735    6.942
   8388608  24.414  22.541   26.273   15.882    9.783
  10485760  18.853  21.418   61.937   44.021   23.317
  12582912  18.702  20.534   86.292   52.981   36.381
  14680064  18.069  19.718   94.167   56.346   36.160
  16777216  17.850  18.486   96.115   57.024   38.081
  20971520  17.451  16.392   99.135   58.845   39.289
  25165824  17.205  15.914  106.957   60.252   40.775
  29360128  16.829  15.346  108.548   61.382   41.356
  33554432  16.539  14.727  110.804   62.047   41.963
  41943040  16.227  13.905  112.173   62.644   42.240
  50331648  16.054  13.537  112.969   62.952   42.319
  58720256  16.017  13.266  113.621   63.044   42.579
  67108864  15.936  13.164  113.802   63.241   42.616
  83886080  15.902  13.017  114.764   64.541   43.530
 100663296  15.840  12.913  116.533   65.404   44.327
 117440512  16.001  12.844  117.332   66.262   44.394
 134217728  15.791  12.813  118.114   66.759   44.871
 167772160  15.775  12.707  119.036   67.232   45.232
 201326592  15.829  12.651  118.821   67.660   45.642
 234881024  15.813  12.624  119.783   67.966   45.634
 268435456  16.000  12.581  120.441   68.279   45.874
 335544320  16.119  12.544  119.193   68.467   46.009
 402653184  15.872  12.502  119.982   68.788   46.373
 469762048  15.956  12.483  116.409   68.833   46.145
 536870912  15.987  12.475  116.503   68.932   46.128
 671088640  16.025  12.442  116.677   69.087   46.387
 805306368  16.210  12.412  116.761   69.218   46.582
 939524096  16.202  12.422  116.870   69.380   46.641
1073741824  16.118  12.406  116.901   69.355   46.606
#--------- ------- ------- -------- -------- --------


# page_size=2097152
#    bytes   GiB/s   GiB/s       ns       ns       ns
#--------- ------- ------- -------- -------- --------
#     size    read   write latency1 latency2 latency3
#--------- ------- ------- -------- -------- --------
      8192  45.121  28.057    1.028    0.514    0.343
     10240  53.354  28.959    1.028    0.514    0.343
     12288  53.563  28.961    1.028    0.514    0.343
     14336  53.850  28.964    1.028    0.514    0.343
     16384  53.994  28.956    1.028    0.514    0.343
     20480  54.219  28.969    1.028    0.514    0.343
     24576  54.412  28.971    1.028    0.514    0.343
     28672  54.474  28.971    1.029    0.514    0.343
     32768  54.590  28.972    1.029    0.514    0.343
     40960  35.879  25.699    3.085    1.580    0.793
     49152  35.960  25.686    3.085    1.571    1.089
     57344  36.000  25.717    3.085    1.572    1.063
     65536  36.029  25.738    3.070    1.580    1.061
     81920  35.887  25.718    3.085    1.579    1.061
     98304  35.785  25.733    3.085    1.588    1.120
    114688  35.873  25.733    3.085    1.584    1.063
    131072  35.863  25.739    3.085    1.589    1.119
    163840  35.786  25.741    3.085    1.609    1.127
    196608  35.822  25.746    3.086    1.597    1.135
    229376  35.749  25.743    3.088    1.601    1.151
    262144  35.822  25.745    3.090    1.603    1.123
    327680  31.980  23.906    6.473    3.331    2.628
    393216  31.430  23.354    7.708    3.942    2.455
    458752  31.084  23.161    8.062    4.143    2.749
    524288  31.081  23.161    7.945    4.065    2.797
    655360  31.084  23.161    8.617    4.249    2.949
    786432  31.084  23.161    8.803    4.326    2.851
    917504  31.086  23.161    8.930    4.446    3.028
   1048576  31.086  23.163    8.862    4.507    3.064
   1310720  31.087  23.161    9.197    4.583    3.193
   1572864  31.086  23.163    9.236    4.655    3.079
   1835008  31.077  23.163    9.316    4.648    3.231
   2097152  31.087  23.164    9.380    4.726    3.254
   2621440  30.877  23.164    9.448    4.771    3.288
   3145728  31.092  23.162    9.501    4.792    3.213
   3670016  31.078  23.163    9.529    4.813    3.294
   4194304  31.091  23.163    9.524    4.833    3.303
   5242880  31.088  23.162    9.600    4.850    3.308
   6291456  31.068  23.163    9.628    4.863    3.283
   7340032  31.039  23.160    9.655    4.876    3.321
   8388608  30.190  22.973   10.356    5.070    3.476
  10485760  19.891  21.478   67.520   46.865   24.169
  12582912  18.950  20.967   85.534   53.718   35.886
  14680064  18.140  19.829   93.467   55.697   35.591
  16777216  18.191  18.669   95.460   56.343   37.647
  20971520  17.591  16.742   99.187   58.084   39.261
  25165824  17.241  15.901  105.790   59.834   40.198
  29360128  16.991  15.371  107.836   60.469   40.917
  33554432  16.454  14.841  110.408   61.732   41.863
  41943040  16.426  14.114  112.206   62.341   42.065
  50331648  16.296  13.754  112.907   62.493   42.057
  58720256  16.057  13.567  113.121   62.791   42.437
  67108864  15.958  13.391  113.592   62.902   42.399
  83886080  15.870  13.174  115.366   64.395   43.462
 100663296  15.860  13.043  116.589   65.542   44.394
 117440512  15.803  12.944  117.530   66.292   44.254
 134217728  15.876  12.845  118.085   66.637   44.768
 167772160  16.000  12.750  117.940   67.246   45.182
 201326592  15.837  12.679  119.709   67.659   45.675
 234881024  15.845  12.661  120.208   67.991   45.612
 268435456  15.913  12.599  120.546   68.293   45.883
 335544320  15.876  12.555  120.808   68.484   46.018
 402653184  15.899  12.525  119.389   68.782   46.355
 469762048  15.978  12.520  111.750   68.837   46.136
 536870912  16.034  12.487  116.513   68.921   46.279
 671088640  16.166  12.469  116.695   68.936   46.404
 805306368  16.170  12.451  116.801   69.325   46.667
 939524096  16.333  12.453  116.866   69.420   46.642
1073741824  16.129  12.444  116.926   69.475   46.695
#--------- ------- ------- -------- -------- --------


# page_size=1073741824
#    bytes   GiB/s   GiB/s       ns       ns       ns
#--------- ------- ------- -------- -------- --------
#     size    read   write latency1 latency2 latency3
#--------- ------- ------- -------- -------- --------
      8192  52.752  28.952    1.028    0.514    0.343
     10240  53.448  28.958    1.028    0.514    0.343
     12288  53.815  28.962    1.028    0.514    0.343
     14336  53.949  28.965    1.028    0.514    0.343
     16384  53.956  28.967    1.028    0.514    0.343
     20480  54.237  28.970    1.028    0.515    0.343
     24576  54.439  28.971    1.028    0.514    0.343
     28672  54.472  28.972    1.028    0.514    0.344
     32768  54.564  28.973    1.029    0.514    0.343
     40960  35.795  25.753    3.085    1.589    0.950
     49152  35.839  25.721    3.085    1.558    1.077
     57344  35.928  25.700    3.085    1.561    1.059
     65536  36.063  25.732    3.070    1.558    1.102
     81920  35.828  25.716    3.085    1.584    1.060
     98304  35.904  25.724    3.085    1.599    1.116
    114688  35.857  25.734    3.085    1.588    1.059
    131072  35.877  25.729    3.085    1.584    1.120
    163840  35.827  25.739    3.085    1.605    1.125
    196608  35.825  25.743    3.085    1.593    1.134
    229376  35.763  25.743    3.088    1.604    1.149
    262144  35.826  25.745    3.090    1.604    1.123
    327680  31.984  23.910    6.465    3.330    2.619
    393216  31.437  23.359    7.704    3.937    2.453
    458752  31.078  23.163    8.054    4.136    2.749
    524288  31.077  23.163    7.932    4.059    2.794
    655360  31.081  23.161    8.606    4.245    2.947
    786432  31.079  23.164    8.795    4.319    2.847
    917504  31.087  23.164    8.918    4.444    3.025
   1048576  31.087  23.164    8.851    4.501    3.060
   1310720  31.083  23.165    9.186    4.579    3.190
   1572864  31.087  23.165    9.223    4.651    3.075
   1835008  31.083  23.165    9.308    4.645    3.227
   2097152  31.085  23.165    9.368    4.721    3.250
   2621440  31.084  23.166    9.438    4.766    3.283
   3145728  31.086  23.161    9.488    4.787    3.209
   3670016  31.082  23.165    9.520    4.809    3.290
   4194304  31.085  23.166    9.514    4.828    3.300
   5242880  31.082  23.163    9.588    4.847    3.305
   6291456  31.079  23.165    9.617    4.858    3.278
   7340032  31.071  23.163    9.637    4.873    3.317
   8388608  30.140  22.979   10.325    5.102    3.423
  10485760  19.877  21.480   69.072   46.640   25.413
  12582912  18.826  20.870   85.571   53.552   35.842
  14680064  18.152  19.834   91.875   50.905   35.384
  16777216  17.942  19.072   94.611   56.275   37.634
  20971520  17.586  17.461   98.642   58.252   39.329
  25165824  17.337  16.539  106.145   59.833   40.174
  29360128  17.223  15.842  108.289   60.878   41.210
  33554432  16.940  15.343  110.616   60.149   41.774
  41943040  16.382  14.622  112.068   62.165   42.003
  50331648  16.254  14.213  113.083   62.502   42.191
  58720256  16.047  13.879  113.083   62.596   42.337
  67108864  16.063  13.710  113.521   63.286   42.552
  83886080  15.826  13.401  114.170   63.151   42.636
 100663296  15.744  13.214  114.674   63.259   43.193
 117440512  15.721  13.112  120.325   63.711   42.649
 134217728  15.849  13.005  120.573   63.584   42.803
 167772160  15.831  12.832  121.174   62.788   42.926
 201326592  15.861  12.785  120.534   63.989   43.479
 234881024  15.848  12.711  119.778   63.705   42.952
 268435456  15.848  12.688  120.714   64.006   42.921
 335544320  15.848  12.610  118.957   64.129   43.077
 402653184  15.888  12.553  118.911   64.185   43.595
 469762048  15.975  12.548  123.082   64.085   42.877
 536870912  15.961  12.525  119.305   64.191   43.087
 671088640  16.090  12.504  121.747   64.261   43.104
 805306368  16.064  12.485  120.366   64.016   43.609
 939524096  16.108  12.476  120.869   64.285   43.185
1073741824  16.093  12.464  121.592   64.213   43.081
#--------- ------- ------- -------- -------- --------
