# Samsung 1 x 8GiB DDR5-4800 SODIMM


# page_size=4096
#    bytes   GiB/s   GiB/s       ns       ns       ns
#--------- ------- ------- -------- -------- --------
#     size    read   write latency1 latency2 latency3
#--------- ------- ------- -------- -------- --------
      8192  43.556  43.812    0.922    0.462    0.308
     10240  44.019  45.195    0.915    0.458    0.306
     12288  44.341  43.688    0.910    0.456    0.305
     14336  44.598  43.984    0.906    0.454    0.303
     16384  44.748  41.881    0.903    0.453    0.302
     20480  44.998  39.720    0.900    0.451    0.301
     24576  45.165  38.117    0.898    0.449    0.300
     28672  45.284  36.220    0.896    0.448    0.299
     32768  44.985  34.614    0.969    0.447    0.325
     40960  38.298  33.634    5.545    2.865    1.397
     49152  38.393  32.817    5.500    2.873    1.928
     57344  38.453  32.464    5.486    2.871    1.942
     65536  38.500  31.847    5.529    2.874    1.907
     81920  38.562  31.518    5.606    2.892    1.907
     98304  38.605  31.611    5.703    2.919    1.958
    114688  38.635  31.223    5.707    2.933    1.933
    131072  38.661  30.998    5.633    2.904    1.954
    163840  38.692  31.071    5.753    2.925    1.971
    196608  38.712  30.765    5.778    2.951    1.968
    229376  38.734  30.381    6.268    3.180    2.185
    262144  38.749  30.492    6.611    3.521    2.297
    327680  38.766  30.408    7.008    3.643    2.481
    393216  38.778  30.323    7.297    3.834    2.531
    458752  38.787  30.486    7.675    3.923    2.626
    524288  38.798  30.638    7.502    3.789    2.589
    655360  38.797  30.087    8.096    4.085    2.758
    786432  38.801  30.131    8.466    4.244    2.738
    917504  38.806  30.153    8.267    4.107    2.744
   1048576  38.814  30.566    8.074    4.067    2.767
   1310720  37.582  29.844    8.603    4.308    2.845
   1572864  36.973  28.699    8.961    4.539    3.100
   1835008  35.705  27.399   10.195    5.445    3.536
   2097152  34.545  26.372   11.349    5.817    3.933
   2621440  32.248  23.914   14.037    7.159    4.802
   3145728  31.169  22.763   16.244    8.226    5.612
   3670016  30.597  22.199   17.550    8.875    6.086
   4194304  30.264  21.985   18.500    9.358    6.396
   5242880  29.923  21.820   19.612    9.979    6.785
   6291456  29.853  21.787   20.291   10.331    7.085
   7340032  29.542  21.771   20.928   10.657    7.188
   8388608  29.460  21.771   21.395   10.884    7.442
  10485760  27.663  21.276   23.672   12.049    8.252
  12582912  25.885  21.215   25.507   13.017    9.313
  14680064  23.622  20.983   27.320   14.051    9.540
  16777216  22.220  20.637   29.317   14.969   10.134
  20971520  18.517  19.231   33.873   17.282   11.682
  25165824  16.028  16.362   40.192   20.418   14.052
  29360128  16.423  12.642   47.437   24.014   16.300
  33554432  16.164  11.745   53.642   27.093   18.275
  41943040  15.434  10.525   65.531   33.083   22.718
  50331648  15.110  10.157   74.235   37.392   25.377
  58720256  15.052  10.087   79.993   40.498   27.622
  67108864  15.069  10.074   84.400   42.678   28.996
  83886080  15.097  10.107   90.756   45.920   31.278
 100663296  15.110  10.101   95.149   48.174   32.723
 117440512  15.126  10.092   98.531   50.005   33.726
 134217728  15.123  10.094  101.081   51.324   34.697
 167772160  15.146  10.095  104.719   53.206   35.944
 201326592  15.161  10.087  107.609   54.723   37.071
 234881024  15.167  10.087  109.656   55.722   37.478
 268435456  15.165  10.097  111.472   56.577   38.136
 335544320  15.164  10.103  114.043   57.836   38.924
 402653184  15.179  10.105  115.930   58.847   39.851
 469762048  15.178  10.093  117.447   59.692   40.147
 536870912  15.186  10.094  118.734   60.273   40.633
 671088640  15.189  10.094  120.567   61.127   41.185
 805306368  15.190  10.101  121.881   61.851   41.868
 939524096  15.195  10.091  123.043   62.451   42.095
1073741824  15.202  10.100  123.843   62.902   42.402
#--------- ------- ------- -------- -------- --------


# page_size=2097152
#    bytes   GiB/s   GiB/s       ns       ns       ns
#--------- ------- ------- -------- -------- --------
#     size    read   write latency1 latency2 latency3
#--------- ------- ------- -------- -------- --------
      8192  43.552  42.056    0.922    0.462    0.308
     10240  44.022  42.336    0.915    0.458    0.306
     12288  44.344  43.731    0.910    0.456    0.304
     14336  44.581  44.114    0.906    0.454    0.303
     16384  44.733  42.437    0.903    0.453    0.302
     20480  44.996  39.960    0.900    0.453    0.300
     24576  45.164  38.357    0.903    0.449    0.300
     28672  45.250  36.500    0.903    0.448    0.299
     32768  45.083  35.829    0.904    0.447    0.315
     40960  38.318  33.801    5.544    2.865    1.398
     49152  38.401  32.870    5.499    2.873    1.927
     57344  38.463  32.388    5.489    2.871    1.943
     65536  38.505  32.139    5.522    2.874    1.907
     81920  38.567  31.571    5.606    2.892    1.907
     98304  38.610  31.476    5.703    2.919    1.958
    114688  38.644  31.200    5.707    2.933    1.933
    131072  38.663  30.995    5.634    2.904    1.954
    163840  38.693  30.824    5.753    2.925    1.970
    196608  38.717  30.739    5.774    2.951    1.968
    229376  38.732  30.716    5.795    2.960    1.977
    262144  38.737  30.871    5.720    2.914    1.958
    327680  38.757  30.611    5.828    2.942    1.972
    393216  38.773  30.568    5.813    2.944    1.970
    458752  38.766  30.662    5.834    2.939    1.968
    524288  38.790  30.559    5.851    2.945    1.968
    655360  38.785  30.560    5.866    2.974    1.970
    786432  38.788  30.478    5.853    3.007    1.969
    917504  38.794  30.374    5.872    2.956    1.966
   1048576  38.797  30.388    5.877    2.948    1.969
   1310720  38.796  30.394    5.867    2.972    1.971
   1572864  38.799  30.468    5.884    2.954    1.967
   1835008  38.797  30.433    5.873    2.965    1.968
   2097152  38.622  30.306    5.918    2.972    1.977
   2621440  32.000  23.829   13.022    6.633    4.342
   3145728  31.098  22.770   14.229    7.342    4.988
   3670016  30.600  22.352   15.312    7.776    5.321
   4194304  30.264  22.144   15.967    8.098    5.633
   5242880  29.947  21.950   17.181    8.827    6.004
   6291456  29.922  21.928   17.838    9.140    6.323
   7340032  29.910  21.918   18.359    9.466    6.339
   8388608  29.906  21.931   18.792    9.606    6.613
  10485760  29.918  21.931   19.322    9.956    6.816
  12582912  29.917  21.934   19.684   10.093    7.021
  14680064  29.914  21.932   19.973   10.324    7.089
  16777216  29.904  21.941   20.161   10.342    7.097
  20971520  21.850  21.820   22.003   11.302    7.725
  25165824  17.485  13.763   35.276   18.063   12.549
  29360128  17.440  14.152   36.562   18.627   12.796
  33554432  16.788  11.289   44.855   22.811   15.453
  41943040  16.208  10.635   55.860   28.442   19.706
  50331648  15.881  10.333   64.509   32.517   22.203
  58720256  15.871  10.308   69.772   35.636   24.298
  67108864  15.873  10.319   74.224   37.445   25.589
  83886080  15.866  10.235   79.525   40.204   27.518
 100663296  15.867  10.171   83.155   41.993   28.607
 117440512  15.866  10.334   86.341   43.776   29.554
 134217728  15.876  10.327   88.503   44.763   30.434
 167772160  15.869  10.334   91.628   46.281   31.441
 201326592  15.867  10.291   93.793   47.363   32.209
 234881024  15.869  10.351   95.279   48.146   32.508
 268435456  15.862  10.303   96.403   48.589   32.996
 335544320  15.865  10.314   97.967   49.454   33.430
 402653184  15.875  10.321   98.911   49.960   33.931
 469762048  15.870  10.358   99.663   50.423   34.058
 536870912  15.872  10.368  100.245   50.600   34.289
 671088640  15.867  10.344  101.079   51.018   34.492
 805306368  15.866  10.366  101.454   51.274   34.772
 939524096  15.874  10.361  101.922   51.421   34.812
1073741824  15.874  10.358  102.088   51.530   34.876
#--------- ------- ------- -------- -------- --------


# page_size=1073741824
#    bytes   GiB/s   GiB/s       ns       ns       ns
#--------- ------- ------- -------- -------- --------
#     size    read   write latency1 latency2 latency3
#--------- ------- ------- -------- -------- --------
      8192  43.530  44.673    0.922    0.462    0.308
     10240  44.023  43.124    0.915    0.458    0.306
     12288  44.342  44.269    0.910    0.456    0.304
     14336  44.576  43.183    0.906    0.454    0.303
     16384  44.752  42.904    0.903    0.453    0.302
     20480  44.988  40.922    0.900    0.454    0.300
     24576  45.105  37.956    0.902    0.449    0.300
     28672  45.245  36.881    0.901    0.448    0.299
     32768  45.090  36.062    0.904    0.447    0.325
     40960  38.316  32.913    5.545    2.865    1.396
     49152  38.401  32.910    5.500    2.872    1.927
     57344  38.463  32.421    5.483    2.872    1.944
     65536  38.506  32.077    5.529    2.874    1.907
     81920  38.569  31.779    5.606    2.892    1.907
     98304  38.609  31.512    5.704    2.918    1.958
    114688  38.640  31.217    5.707    2.933    1.931
    131072  38.528  31.026    5.632    2.903    1.954
    163840  38.697  31.038    5.753    2.925    1.971
    196608  38.719  30.862    5.777    2.950    1.968
    229376  38.731  30.988    5.794    2.961    1.977
    262144  38.745  30.788    5.723    2.914    1.958
    327680  38.758  30.587    5.829    2.941    1.973
    393216  38.767  30.789    5.811    2.944    1.970
    458752  38.777  30.572    5.834    2.938    1.968
    524288  38.790  30.537    5.851    2.944    1.968
    655360  38.779  30.530    5.865    2.973    1.970
    786432  38.791  30.377    5.853    3.008    1.969
    917504  38.793  30.387    5.872    2.956    1.966
   1048576  38.800  30.402    5.877    2.949    1.969
   1310720  38.794  30.413    5.866    2.973    1.971
   1572864  38.797  30.408    5.884    2.954    1.967
   1835008  38.795  30.387    5.872    2.964    1.968
   2097152  38.535  30.271    5.918    2.970    1.977
   2621440  31.998  23.833   13.009    6.631    4.339
   3145728  31.099  22.748   14.234    7.344    4.987
   3670016  30.599  22.353   15.312    7.776    5.319
   4194304  30.262  22.146   15.966    8.099    5.632
   5242880  29.948  21.955   17.182    8.829    6.005
   6291456  29.921  21.922   17.844    9.136    6.322
   7340032  29.917  21.919   18.353    9.463    6.342
   8388608  29.916  21.922   18.795    9.605    6.613
  10485760  29.919  21.931   19.322    9.955    6.818
  12582912  29.918  21.927   19.680   10.092    7.020
  14680064  29.918  21.937   19.978   10.331    7.094
  16777216  29.912  21.938   20.159   10.342    7.098
  20971520  28.678  21.889   20.969   10.701    7.328
  25165824  19.783  14.495   33.316   17.033   11.765
  29360128  18.127  14.947   33.323   16.877   11.524
  33554432  16.742  11.483   43.860   22.034   15.106
  41943040  16.152  10.697   55.985   28.538   19.748
  50331648  15.881  10.351   64.490   32.458   22.125
  58720256  15.866  10.378   69.746   35.700   24.311
  67108864  15.875  10.368   74.229   37.433   25.585
  83886080  15.877  10.257   79.392   40.099   27.487
 100663296  15.873  10.362   83.155   41.979   28.605
 117440512  15.875  10.333   86.318   43.803   29.562
 134217728  15.872  10.349   88.505   44.759   30.416
 167772160  15.870  10.358   91.635   46.277   31.426
 201326592  15.876  10.384   93.729   47.357   32.214
 234881024  15.865  10.370   95.296   48.114   32.495
 268435456  15.867  10.376   96.342   48.559   32.965
 335544320  15.860  10.378   97.960   49.380   33.413
 402653184  15.875  10.372   98.932   49.950   33.924
 469762048  15.875  10.366   99.653   50.395   34.015
 536870912  15.875  10.369  100.228   50.619   34.270
 671088640  15.875  10.366  101.054   50.936   34.472
 805306368  15.866  10.364  101.475   51.249   34.777
 939524096  15.876  10.360  101.907   51.560   34.803
1073741824  15.878  10.366  102.028   51.576   34.889
#--------- ------- ------- -------- -------- --------
