leaf 0x00 data:
  [GenuineIntel] 00000016 756E6547 6C65746E 49656E69
leaf 0x02 data:
  [Data TLB: 2MiB or 4MiB pages, 4-way set associative, 32 entries and a separate array with 1GiB pages, 4-way set associative, 4 entries]
  [Data TLB: 4KiB pages, 4-way set associative, 64 entries]
  [Instruction TLB: 2MiB/4MiB pages, fully associative, 8 entries]
  [CPUID leaf 2 does not report cache descriptor information, use CPUID leaf 4 to query cache parameters]
  [Instruction TLB: 4KiB pages, 8-way set associative, 128 entries]
  [64-Byte prefetching]
  [Shared 2nd-Level TLB: 4KiB/2MiB pages, 6-way associative, 1536 entries. Also 1 GBbyte pages, 4-way, 16 entries]
leaf 0x04 data:
  [data cache] [level 1] [8-way] [64 line size] [non inclusive cache] [linear index function] [32 KiB]
  [instruction cache] [level 1] [8-way] [64 line size] [non inclusive cache] [linear index function] [32 KiB]
  [unified cache] [level 2] [4-way] [64 line size] [non inclusive cache] [linear index function] [256 KiB]
  [unified cache] [level 3] [12-way] [64 line size] [non inclusive cache] [complex index function] [9216 KiB]


# page_size=4096
#    bytes   GiB/s   GiB/s       ns       ns       ns
#--------- ------- ------- -------- -------- --------
#     size    read   write latency1 latency2 latency3
#--------- ------- ------- -------- -------- --------
      8192  45.957  29.468    1.006    0.509    0.343
     10240  52.952  28.953    1.036    0.518    0.345
     12288  53.221  28.955    1.029    0.517    0.342
     14336  53.763  28.992    1.025    0.518    0.343
     16384  53.924  29.141    1.029    0.526    0.346
     20480  53.960  28.981    1.037    0.518    0.344
     24576  53.437  28.979    1.027    0.504    0.335
     28672  55.638  29.676    1.012    0.520    0.346
     32768  54.066  29.379    1.004    0.502    0.335
     40960  34.568  25.597    3.131    1.635    0.774
     49152  35.535  25.730    3.038    1.649    1.189
     57344  36.254  25.540    3.098    1.584    1.053
     65536  36.505  25.610    3.097    1.669    1.165
     81920  35.067  25.876    3.050    1.585    1.094
     98304  34.481  25.536    3.885    1.993    1.417
    114688  34.324  25.542    3.666    1.912    1.269
    131072  35.342  25.849    3.954    2.005    1.381
    163840  33.618  25.158    4.193    2.152    1.475
    196608  35.349  25.627    4.782    2.477    1.680
    229376  31.982  24.544    5.562    2.803    1.868
    262144  32.227  24.661    5.245    2.699    1.840
    327680  30.302  23.966    7.365    3.915    2.580
    393216  30.369  24.062    8.346    4.423    2.895
    458752  31.058  24.179    8.885    4.810    3.213
    524288  29.770  23.532    9.763    4.907    3.253
    655360  29.938  23.845   10.583    5.747    3.766
    786432  30.101  23.225   11.620    5.984    3.899
    917504  29.836  23.732   11.504    5.849    3.847
   1048576  30.108  23.777   11.381    5.791    3.996
   1310720  29.767  23.365   12.428    6.305    4.152
   1572864  29.737  23.452   12.045    6.122    4.190
   1835008  29.668  23.546   12.506    6.315    4.320
   2097152  29.613  23.401   12.091    5.992    4.060
   2621440  29.901  23.245   12.003    6.073    4.122
   3145728  29.816  23.193   12.241    6.132    4.181
   3670016  29.571  23.034   12.456    6.202    4.201
   4194304  29.265  23.011   13.106    6.352    4.374
   5242880  26.342  22.725   15.510    7.153    4.875
   6291456  23.281  21.960   21.398    9.473    6.038
   7340032  20.115  20.901   31.624   13.683    9.408
   8388608  18.803  19.506   41.531   18.101   17.618
  10485760  17.332  15.960   55.286   25.484   16.826
  12582912  16.364  13.590   61.672   31.861   22.136
  14680064  13.665   7.383   67.015   31.933   21.004
  16777216  15.272  10.309   67.345   33.594   22.345
  20971520  14.471   8.605   71.351   34.929   23.501
  25165824  14.184   8.790   72.916   36.100   24.478
  29360128  13.955   8.467   74.665   37.071   25.154
  33554432  13.790   8.273   77.318   37.785   25.465
  41943040  13.557   7.971   77.153   38.636   26.254
  50331648  13.458   7.818   78.206   39.222   26.690
  58720256  13.282   7.619   79.059   39.627   26.955
  67108864  13.245   7.684   79.727   40.244   26.981
  83886080  13.415   7.612   80.968   40.153   27.248
 100663296  13.459   7.858   83.550   42.107   28.071
 117440512  12.977   7.509   82.862   41.595   28.162
 134217728  13.046   7.485   83.294   41.890   28.398
 167772160  13.073   7.444   84.139   42.345   28.726
 201326592  13.040   7.458   84.690   42.585   28.901
 234881024  13.062   7.455   85.271   42.891   29.031
 268435456  13.061   7.443   85.692   43.062   29.172
 335544320  13.107   7.479   86.984   43.357   29.349
 402653184  13.062   7.444   86.433   43.451   29.468
 469762048  13.073   7.462   86.736   43.687   33.709
 536870912  13.069   7.468   87.172   43.725   29.656
 671088640  13.096   7.473   87.681   44.461   29.727
 805306368  13.102   7.443   89.214   46.093   29.421
 939524096  13.405   7.159   87.019   43.522   34.013
1073741824   9.617   4.942  107.392   54.157   29.538
#--------- ------- ------- -------- -------- --------


# page_size=2097152
#    bytes   GiB/s   GiB/s       ns       ns       ns
#--------- ------- ------- -------- -------- --------
#     size    read   write latency1 latency2 latency3
#--------- ------- ------- -------- -------- --------
      8192  53.870  29.788    0.998    0.500    0.333
     10240  54.684  29.779    0.999    0.500    0.333
     12288  55.387  29.723    0.999    0.499    0.333
     14336  55.626  29.824    0.999    0.500    0.333
     16384  55.519  29.837    0.999    0.500    0.333
     20480  55.836  29.834    1.000    0.500    0.333
     24576  55.976  29.834    0.999    0.499    0.333
     28672  55.958  29.823    1.000    0.501    0.357
     32768  53.272  28.950    1.054    0.513    0.345
     40960  34.154  25.587    3.133    1.669    0.809
     49152  34.721  25.608    3.155    1.663    1.196
     57344  33.951  25.729    3.173    1.666    1.117
     65536  33.646  25.555    3.156    1.687    1.204
     81920  35.299  26.439    3.075    1.564    1.044
     98304  36.844  26.489    3.111    1.608    1.164
    114688  31.424  25.283    3.222    1.758    1.181
    131072  30.737  25.328    3.151    1.672    1.243
    163840  32.763  25.604    3.086    1.630    1.161
    196608  35.634  25.975    3.421    1.598    1.184
    229376  35.918  26.509    3.004    1.564    1.135
    262144  36.142  26.374    3.037    1.566    1.092
    327680  32.758  24.615    6.515    3.412    2.663
    393216  30.409  23.362    7.929    4.022    2.512
    458752  30.378  23.210    8.179    4.189    2.843
    524288  30.498  23.019    8.258    4.237    2.813
    655360  30.332  23.340    8.705    4.328    2.999
    786432  31.679  23.849    8.809    4.332    2.854
    917504  31.689  23.837    8.941    4.503    3.121
   1048576  30.598  23.203    9.069    4.514    3.071
   1310720  31.553  23.814    9.208    4.605    3.197
   1572864  31.688  23.856    9.254    4.673    3.086
   1835008  31.672  23.822    9.347    4.659    3.236
   2097152  31.685  23.843   10.385    4.926    3.308
   2621440  27.839  23.575    9.513    4.786    3.298
   3145728  31.423  23.825    9.576    4.818    3.225
   3670016  31.012  23.777   11.427    6.367    3.480
   4194304  27.841  22.650   12.374    5.096    3.472
   5242880  21.471  22.669   21.536   14.531   10.824
   6291456  17.135  19.262   39.649   15.016   12.005
   7340032  15.634   9.216   50.084   22.689   15.045
   8388608  18.078  17.057   51.188   24.298   15.951
  10485760  18.861  17.278   43.926   21.976   14.161
  12582912  18.140  16.192   50.382   23.551   15.726
  14680064  17.144  13.996   57.980   28.567   18.363
  16777216  16.829  12.349   59.571   29.258   19.275
  20971520  16.398  10.789   61.241   30.609   20.672
  25165824  15.947   9.928   62.990   31.711   21.851
  29360128  15.716   9.408   64.256   32.267   22.125
  33554432  15.416   9.126   65.839   33.233   22.478
  41943040  15.154   8.672   66.890   33.776   23.154
  50331648  15.044   8.453   67.340   34.028   23.381
  58720256  14.843   8.289   67.506   34.219   23.536
  67108864  14.707   8.154   67.956   34.763   24.620
  83886080  14.222   7.856   68.643   34.802   23.921
 100663296  14.628   8.068   69.266   35.132   24.228
 117440512  14.580   7.980   69.659   35.324   24.084
 134217728  14.563   7.954   69.993   35.452   24.318
 167772160  14.517   7.906   70.403   35.643   24.440
 201326592  14.474   7.763   73.039   36.207   24.707
 234881024  14.423   7.804   71.131   35.960   24.562
 268435456  14.418   7.769   71.278   35.998   24.660
 335544320  14.407   7.776   71.565   36.131   24.765
 402653184  14.366   7.744   71.781   36.144   24.906
 469762048  14.364   7.758   71.819   36.217   24.781
 536870912  14.360   7.753   71.799   36.195   24.821
 671088640  14.333   7.747   72.131   36.278   24.838
 805306368  14.359   7.740   72.168   36.306   25.202
 939524096  14.253   7.684   72.903   36.314   24.922
1073741824  14.357   7.759   72.225   36.308   24.948
#--------- ------- ------- -------- -------- --------


# page_size=1073741824
#    bytes   GiB/s   GiB/s       ns       ns       ns
#--------- ------- ------- -------- -------- --------
#     size    read   write latency1 latency2 latency3
#--------- ------- ------- -------- -------- --------
      8192  54.659  29.809    0.999    0.500    0.335
     10240  54.720  29.828    0.999    0.499    0.333
     12288  55.173  29.828    0.999    0.499    0.333
     14336  55.609  29.811    1.000    0.499    0.333
     16384  55.478  29.819    0.999    0.499    0.333
     20480  55.888  29.830    0.998    0.500    0.333
     24576  55.895  29.835    0.999    0.499    0.333
     28672  55.972  29.843    0.999    0.501    0.333
     32768  56.164  29.842    0.999    0.500    0.333
     40960  36.688  26.451    2.997    1.559    0.764
     49152  36.703  26.462    2.996    1.566    1.113
     57344  36.669  26.497    2.997    1.549    1.042
     65536  36.831  26.441    2.997    1.558    1.092
     81920  36.725  26.468    2.997    1.550    1.036
     98304  36.840  26.500    2.996    1.554    1.094
    114688  36.853  26.457    2.996    1.554    1.036
    131072  36.996  26.510    2.996    1.548    1.091
    163840  36.786  26.502    2.999    1.579    1.118
    196608  36.708  26.519    2.999    1.570    1.135
    229376  36.779  26.441    3.003    1.565    1.116
    262144  36.882  26.502    3.002    1.556    1.095
    327680  32.814  24.623    6.443    3.313    2.600
    393216  32.058  24.065    7.699    3.939    2.447
    458752  31.708  23.849    8.056    4.134    2.746
    524288  31.696  23.852    7.937    4.068    2.764
    655360  31.684  23.851    8.611    4.249    2.952
    786432  31.698  23.821    8.813    4.325    2.851
    917504  31.707  23.860    8.926    4.445    3.036
   1048576  31.710  23.830    8.873    4.514    3.068
   1310720  31.700  23.852    9.206    4.602    3.202
   1572864  31.685  23.839    9.251    4.665    3.086
   1835008  31.524  23.848    9.337    4.658    3.241
   2097152  31.696  23.846    9.398    4.743    3.266
   2621440  31.650  23.840    9.476    4.786    3.297
   3145728  31.483  23.843    9.564    4.817    3.226
   3670016  31.097  23.774    9.773    4.898    3.339
   4194304  30.479  23.739   10.154    5.029    3.438
   5242880  21.595  22.688   20.715    9.949    6.965
   6291456  20.135  21.815   32.180   14.639    9.387
   7340032  19.007  19.806   43.924   21.416   14.906
   8388608  18.417  17.397   48.825   24.198   15.889
  10485760  19.053  17.627   43.466   21.743   14.017
  12582912  18.291  16.603   49.456   23.274   15.596
  14680064  17.617  14.161   57.032   28.406   18.232
  16777216  17.167  12.598   58.267   29.157   19.198
  20971520  16.428  10.892   65.081   36.624   25.025
  25165824  13.394   8.323   67.489   32.146   22.227
  29360128  15.714   9.512   64.071   32.208   22.140
  33554432  15.612   9.241   65.726   33.021   22.434
  41943040  15.338   8.806   66.800   33.773   23.218
  50331648  15.120   8.417   67.240   33.949   23.321
  58720256  14.978   8.367   67.403   34.170   23.495
  67108864  14.893   8.254   67.682   34.371   23.555
  83886080  14.778   8.155   68.013   34.562   23.766
 100663296  14.033   7.841   68.279   34.752   23.945
 117440512  14.619   8.016   68.484   34.840   23.748
 134217728  14.620   7.957   68.532   34.888   23.954
 167772160  14.530   7.922   68.622   34.955   23.987
 201326592  14.479   7.876   68.932   35.964   24.186
 234881024  14.475   7.850   68.859   35.098   23.991
 268435456  14.446   7.846   68.900   35.082   24.053
 335544320  14.431   7.825   68.926   35.136   24.114
 402653184  14.345   7.797   69.061   35.155   24.226
 469762048  14.392   7.775   69.069   35.230   24.083
 536870912  14.392   7.782   68.989   35.149   24.132
 671088640  14.419   7.777   69.131   35.203   24.351
 805306368  14.231   5.902   73.506   36.587   25.064
 939524096  14.375   7.739   69.184   35.236   24.191
1073741824  14.395   7.743   69.204   35.233   24.208
#--------- ------- ------- -------- -------- --------
