# Samsung 1 x 8GiB DDR5-4800 SODIMM


# page_size=4096
#    bytes   GiB/s   GiB/s       ns       ns       ns
#--------- ------- ------- -------- -------- --------
#     size    read   write latency1 latency2 latency3
#--------- ------- ------- -------- -------- --------
      8192  88.755  67.113    1.090    0.545    0.363
     10240  93.162  67.443    1.090    0.545    0.364
     12288  94.277  67.587    1.090    0.545    0.364
     14336  94.697  67.678    1.090    0.545    0.364
     16384  95.073  67.779    1.090    0.545    0.364
     20480  95.854  67.886    1.090    0.545    0.363
     24576  96.151  67.877    1.090    0.545    0.364
     28672  96.428  67.992    1.090    0.545    0.364
     32768  96.612  68.020    1.090    0.545    0.364
     40960  96.874  68.100    1.091    0.545    0.364
     49152  97.018  67.875    1.091    0.546    0.364
     57344  52.474  53.944    3.270    1.635    0.996
     65536  52.496  54.632    3.256    1.719    1.085
     81920  52.446  54.594    3.270    1.635    1.090
     98304  52.446  54.636    3.270    1.635    1.090
    114688  52.465  54.661    3.270    1.635    1.090
    131072  52.469  54.670    3.269    1.635    1.090
    163840  52.448  54.665    3.270    1.635    1.090
    196608  52.422  54.666    3.270    1.635    1.090
    229376  52.431  54.666    3.270    1.635    1.090
    262144  52.458  54.673    3.270    1.635    1.090
    327680  52.453  54.653    3.270    1.635    1.090
    393216  52.445  54.663    3.270    1.635    1.090
    458752  52.415  54.655    3.556    1.757    1.190
    524288  52.400  54.664    3.623    1.831    1.217
    655360  51.928  53.801    4.213    2.232    1.449
    786432  50.874  53.119    4.960    2.711    1.672
    917504  49.541  52.114    5.589    2.904    1.974
   1048576  50.644  48.864    5.970    3.025    2.084
   1310720  49.948  45.734    8.193    4.133    2.457
   1572864  45.170  41.668   10.475    5.317    3.576
   1835008  43.440  39.348   12.790    6.410    4.413
   2097152  46.787  38.406   13.576    6.836    4.712
   2621440  46.253  37.282   14.765    7.469    4.956
   3145728  46.135  37.097   15.067    7.587    5.072
   3670016  46.093  37.041   15.180    7.642    5.103
   4194304  46.089  37.030   15.195    7.651    5.125
   5242880  45.993  37.065   15.236    7.672    5.117
   6291456  46.091  37.027   15.256    7.685    5.153
   7340032  46.030  36.959   15.279    7.691    5.125
   8388608  45.854  36.914   15.691    7.904    5.302
  10485760  45.342  36.868   16.445    8.275    5.577
  12582912  43.426  36.763   17.295    8.715    5.858
  14680064  41.328  36.580   18.230    9.196    6.698
  16777216  37.754  36.298   19.372    9.706    7.728
  20971520  31.094  34.585   23.284   11.503   11.092
  25165824  26.075  31.347   29.139   14.405    9.822
  29360128  23.796  27.731   34.756   17.213   20.865
  33554432  22.904  23.901   40.093   20.050   21.647
  41943040  22.110  18.679   50.035   24.904   25.434
  50331648  21.694  15.168   56.797   29.108   19.394
  58720256  21.294  14.392   63.264   31.277   22.697
  67108864  20.910  13.892   65.807   33.806   30.164
  83886080  20.505  13.268   70.987   36.143   24.570
 100663296  20.267  12.886   74.797   38.377   25.948
 117440512  20.060  12.605   77.382   39.328   30.471
 134217728  19.996  12.409   80.347   40.324   28.439
 167772160  19.869  12.165   82.636   42.289   28.282
 201326592  19.780  12.013   84.807   42.926   28.817
 234881024  19.686  11.894   86.446   43.668   31.143
 268435456  19.706  11.866   88.373   44.576   29.793
 335544320  19.622  11.741   90.143   45.535   30.614
 402653184  19.565  11.661   91.863   46.230   31.028
 469762048  19.582  11.650   93.897   47.075   31.551
 536870912  19.563  11.647   94.608   47.534   31.849
 671088640  19.535  11.606   95.985   48.378   32.884
 805306368  19.552  11.600   97.029   48.770   32.735
 939524096  19.549  11.572   97.762   49.141   32.979
1073741824  19.524  11.543   98.556   49.506   33.217
#--------- ------- ------- -------- -------- --------


# page_size=2097152
#    bytes   GiB/s   GiB/s       ns       ns       ns
#--------- ------- ------- -------- -------- --------
#     size    read   write latency1 latency2 latency3
#--------- ------- ------- -------- -------- --------
      8192  92.812  67.204    1.090    0.545    0.363
     10240  93.440  67.399    1.090    0.545    0.364
     12288  94.573  67.623    1.090    0.545    0.363
     14336  94.706  67.712    1.090    0.545    0.363
     16384  95.371  67.710    1.090    0.545    0.364
     20480  95.860  67.914    1.090    0.545    0.364
     24576  96.204  67.972    1.090    0.545    0.364
     28672  96.409  68.010    1.090    0.545    0.364
     32768  96.656  68.035    1.090    0.545    0.364
     40960  96.889  68.093    1.091    0.545    0.364
     49152  93.571  68.141    1.091    0.546    0.364
     57344  52.506  53.505    3.269    1.635    0.996
     65536  52.502  53.684    3.252    1.621    1.084
     81920  52.458  54.626    3.269    1.635    1.090
     98304  52.456  54.376    3.269    1.635    1.090
    114688  52.473  54.642    3.270    1.635    1.090
    131072  52.477  54.666    3.270    1.635    1.090
    163840  52.459  54.671    3.270    1.635    1.090
    196608  52.464  54.676    3.270    1.635    1.090
    229376  52.449  54.350    3.269    1.635    1.090
    262144  52.434  54.667    3.270    1.635    1.090
    327680  52.452  54.670    3.270    1.635    1.090
    393216  52.376  53.911    3.270    1.635    1.090
    458752  52.446  54.344    3.270    1.635    1.090
    524288  52.447  54.024    3.270    1.635    1.090
    655360  52.459  54.351    3.270    1.635    1.090
    786432  52.442  54.034    3.270    1.635    1.090
    917504  52.442  54.666    3.271    1.636    1.090
   1048576  52.444  54.067    3.272    1.636    1.090
   1310720  52.391  54.633    3.317    1.651    1.102
   1572864  48.987  41.693    8.899    4.990    3.696
   1835008  47.093  38.726   11.723    6.311    4.599
   2097152  46.504  37.405   13.571    6.753    4.630
   2621440  46.338  37.062   13.760    6.935    4.601
   3145728  46.038  37.041   13.785    6.938    4.633
   3670016  46.323  37.059   13.796    6.944    4.662
   4194304  46.306  37.063   13.795    6.950    4.664
   5242880  46.346  37.064   13.801    6.954    4.636
   6291456  46.322  37.058   13.805    6.951    4.664
   7340032  46.327  37.048   13.807    6.952    4.638
   8388608  46.323  37.052   13.811    6.975    4.700
  10485760  41.935  37.055   13.809    6.953    4.667
  12582912  43.703  37.057   13.815    6.966    4.666
  14680064  40.925  37.062   13.826    6.962    4.693
  16777216  46.264  37.048   13.809    6.956    4.681
  20971520  45.729  37.021   14.355    7.100    4.902
  25165824  28.671  30.529   25.193   13.096    8.737
  29360128  28.091  29.132   25.510   13.051   16.100
  33554432  24.316  17.763   33.040   17.259   21.243
  41943040  23.291  16.261   44.636   22.777   25.737
  50331648  22.381  15.239   51.596   26.626   17.672
  58720256  21.908  14.458   57.494   28.916   22.116
  67108864  21.594  13.951   60.467   30.395   28.264
  83886080  21.159  13.272   66.845   33.240   22.911
 100663296  20.861  12.805   69.877   34.972   23.698
 117440512  20.689  12.541   73.532   36.361   28.604
 134217728  20.529  12.414   74.480   37.577   26.217
 167772160  20.350  12.191   77.104   38.445   26.268
 201326592  20.232  12.001   79.583   39.356   26.493
 234881024  20.146  11.916   80.092   40.192   28.690
 268435456  20.070  11.808   80.915   40.254   27.137
 335544320  20.000  11.712   83.038   41.012   27.507
 402653184  19.970  11.663   83.140   41.692   28.056
 469762048  19.947  11.646   83.722   41.622   27.924
 536870912  19.930  11.610   84.470   41.771   28.026
 671088640  19.899  11.589   84.919   42.257   28.606
 805306368  19.876  11.571   85.243   42.266   28.325
 939524096  19.872  11.549   85.731   42.412   28.425
1073741824  19.877  11.534   85.842   42.746   28.604
#--------- ------- ------- -------- -------- --------


# page_size=1073741824
#    bytes   GiB/s   GiB/s       ns       ns       ns
#--------- ------- ------- -------- -------- --------
#     size    read   write latency1 latency2 latency3
#--------- ------- ------- -------- -------- --------
      8192  92.929  67.151    1.090    0.545    0.364
     10240  93.517  67.382    1.090    0.545    0.363
     12288  94.460  67.619    1.090    0.545    0.363
     14336  94.673  67.708    1.090    0.545    0.363
     16384  95.330  67.805    1.090    0.545    0.364
     20480  95.821  67.865    1.090    0.545    0.364
     24576  96.164  67.951    1.090    0.545    0.364
     28672  96.429  67.978    1.090    0.545    0.364
     32768  96.649  68.045    1.090    0.545    0.364
     40960  96.874  68.106    1.091    0.545    0.364
     49152  93.568  68.132    1.091    0.546    0.364
     57344  52.495  52.518    3.270    1.635    0.995
     65536  52.515  54.350    3.253    1.620    1.085
     81920  52.454  54.675    3.270    1.635    1.090
     98304  52.457  54.658    3.270    1.635    1.090
    114688  52.428  54.342    3.270    1.635    1.090
    131072  52.473  54.574    3.270    1.635    1.090
    163840  52.461  54.409    3.269    1.635    1.090
    196608  52.467  54.349    3.270    1.635    1.090
    229376  52.448  54.665    3.270    1.635    1.090
    262144  52.455  54.335    3.270    1.635    1.090
    327680  52.454  54.666    3.270    1.635    1.090
    393216  52.447  54.671    3.270    1.635    1.090
    458752  52.445  54.652    3.270    1.635    1.090
    524288  52.447  54.673    3.270    1.635    1.090
    655360  52.450  53.939    3.283    1.635    1.090
    786432  52.448  54.347    3.270    1.635    1.090
    917504  52.440  54.348    3.271    1.635    1.092
   1048576  52.427  54.650    3.272    1.636    1.090
   1310720  52.387  54.622    3.316    1.653    1.102
   1572864  49.032  41.696    8.915    4.991    3.696
   1835008  47.094  38.717   11.737    6.311    4.600
   2097152  46.499  37.417   13.572    6.754    4.631
   2621440  46.342  37.056   13.736    6.937    4.599
   3145728  46.334  37.071   13.784    6.942    4.646
   3670016  46.341  37.055   13.796    6.946    4.662
   4194304  46.339  37.066   13.795    6.956    4.669
   5242880  46.317  37.060   13.800    6.950    4.637
   6291456  46.320  37.046   13.803    6.954    4.663
   7340032  46.338  37.061   13.807    6.957    4.636
   8388608  46.342  37.057   13.802    6.954    4.668
  10485760  46.331  37.056   13.806    6.955    4.670
  12582912  46.317  37.059   13.806    6.954    4.668
  14680064  46.318  37.060   13.808    6.958    4.670
  16777216  46.325  37.065   13.813    6.957    4.668
  20971520  45.668  36.992   14.401    7.117    4.903
  25165824  28.771  30.465   25.230   13.070    8.712
  29360128  27.966  30.843   25.568   13.066   16.097
  33554432  24.361  18.055   33.285   17.317   20.803
  41943040  23.352  16.318   44.323   22.806   25.702
  50331648  22.420  15.226   51.625   26.525   17.706
  58720256  21.965  14.443   56.698   28.942   22.297
  67108864  21.603  13.900   60.656   30.392   28.259
  83886080  21.146  13.252   65.931   33.606   22.917
 100663296  20.902  12.911   69.205   34.554   23.603
 117440512  20.690  12.612   72.282   36.194   28.342
 134217728  20.562  12.428   73.610   36.708   25.872
 167772160  20.399  12.189   76.601   39.137   26.196
 201326592  20.268  12.035   77.989   39.054   26.101
 234881024  20.172  11.920   79.128   39.254   28.268
 268435456  20.160  11.861   80.787   39.693   27.070
 335544320  20.020  11.713   81.395   40.453   27.069
 402653184  19.961  11.657   82.109   40.583   27.207
 469762048  19.955  11.619   83.038   40.860   27.434
 536870912  19.941  11.591   83.232   41.293   27.587
 671088640  19.924  11.572   83.840   41.308   28.131
 805306368  19.898  11.581   84.472   41.496   27.791
 939524096  19.889  11.539   84.579   41.938   28.021
1073741824  19.886  11.536   84.745   41.688   27.962
#--------- ------- ------- -------- -------- --------
