# Samsung/Crucial 2 x 8GiB DDR4-2400 SODIMM

# page_size=4096
#    bytes   GiB/s   GiB/s      ns
#--------- ------- ------- -------
#     size    read   write latency
#--------- ------- ------- -------
      8192  42.423  24.361   1.220
     10240  44.713  24.397   1.216
     12288  44.571  24.452   1.222
     14336  44.809  24.427   1.219
     16384  45.111  24.420   1.216
     20480  45.109  24.488   1.220
     24576  45.428  24.436   1.217
     28672  45.506  24.456   1.220
     32768  45.414  24.391   1.221
     40960  30.120  21.657   3.657
     49152  30.101  21.698   3.652
     57344  30.130  21.729   3.650
     65536  30.160  21.737   3.650
     81920  30.211  21.734   3.650
     98304  30.167  21.754   3.654
    114688  30.141  21.755   3.652
    131072  30.175  21.756   3.651
    163840  29.506  21.343   4.636
    196608  28.716  20.918   5.720
    229376  27.795  20.563   6.710
    262144  27.488  20.396   7.065
    327680  26.867  20.274   8.053
    393216  26.586  20.110   9.161
    458752  25.847  19.781  10.843
    524288  25.661  19.668  11.212
    655360  25.534  19.593  12.396
    786432  25.528  19.584  13.361
    917504  25.543  19.583  13.339
   1048576  25.541  19.594  13.208
   1310720  25.541  19.583  14.176
   1572864  25.540  19.574  13.808
   1835008  25.517  19.582  14.337
   2097152  25.492  19.580  14.047
   2621440  25.540  19.577  14.244
   3145728  25.529  19.571  14.378
   3670016  25.411  19.583  14.453
   4194304  25.238  19.564  14.570
   5242880  24.127  19.478  15.479
   6291456  22.611  19.287  17.355
   7340032  20.322  18.877  21.592
   8388608  18.737  18.557  27.181
  10485760  16.905  17.891  39.826
  12582912  16.180  17.229  51.823
  14680064  15.870  16.616  59.354
  16777216  15.556  16.086  64.142
  20971520  15.315  15.071  68.789
  25165824  15.112  14.220  71.324
  29360128  14.965  13.958  73.213
  33554432  14.849  13.674  75.026
  41943040  14.621  13.265  78.018
  50331648  14.550  12.985  79.203
  58720256  14.493  12.805  80.431
  67108864  14.451  12.657  81.265
  83886080  14.404  12.500  82.970
 100663296  14.346  12.364  84.350
 117440512  14.332  12.272  85.215
 134217728  14.310  12.203  86.031
 167772160  14.266  12.111  87.143
 201326592  14.267  12.047  88.006
 234881024  14.212  12.002  88.583
 268435456  14.229  11.972  88.961
 335544320  14.188  11.922  89.625
 402653184  14.158  11.899  90.106
 469762048  14.167  11.877  90.439
 536870912  14.161  11.853  90.613
 671088640  14.187  11.839  91.060
 805306368  14.160  11.819  91.319
 939524096  14.148  11.808  91.530
1073741824  14.161  11.800  91.812
#--------- ------- ------- -------


# page_size=2097152
#    bytes   GiB/s   GiB/s      ns
#--------- ------- ------- -------
#     size    read   write latency
#--------- ------- ------- -------
      8192  44.372  24.477   1.217
     10240  44.766  24.464   1.217
     12288  44.970  24.480   1.216
     14336  44.782  24.479   1.218
     16384  45.124  24.487   1.216
     20480  45.315  24.493   1.217
     24576  45.386  24.492   1.217
     28672  45.606  24.490   1.217
     32768  45.451  24.482   1.217
     40960  30.361  21.703   3.649
     49152  30.492  21.715   3.650
     57344  30.451  21.717   3.649
     65536  30.481  21.734   3.651
     81920  30.356  21.748   3.651
     98304  30.354  21.747   3.651
    114688  30.419  21.746   3.650
    131072  30.411  21.748   3.649
    163840  30.306  21.759   3.656
    196608  30.304  21.763   3.651
    229376  30.227  21.766   3.658
    262144  30.293  21.754   3.658
    327680  26.695  20.214   8.145
    393216  26.055  19.781   9.772
    458752  25.687  19.569  10.235
    524288  25.716  19.551  10.091
    655360  25.715  19.575  10.967
    786432  25.721  19.574  11.210
    917504  25.726  19.573  11.378
   1048576  25.668  19.574  11.298
   1310720  25.715  19.570  11.723
   1572864  25.721  19.563  11.778
   1835008  25.719  19.558  11.899
   2097152  25.726  19.570  11.982
   2621440  25.730  19.566  12.069
   3145728  25.725  19.562  12.139
   3670016  25.721  19.570  12.185
   4194304  25.719  19.575  12.174
   5242880  25.726  19.571  12.270
   6291456  25.693  19.566  12.319
   7340032  20.050  18.738  18.415
   8388608  18.036  18.062  29.251
  10485760  17.130  17.465  43.390
  12582912  16.911  17.331  43.265
  14680064  16.467  16.772  55.789
  16777216  16.280  16.140  57.295
  20971520  15.910  15.060  60.099
  25165824  15.688  14.442  61.857
  29360128  15.444  13.968  62.802
  33554432  15.411  13.673  64.414
  41943040  15.209  13.279  66.252
  50331648  15.124  13.009  66.858
  58720256  15.063  12.808  66.973
  67108864  15.012  12.651  67.420
  83886080  14.929  12.386  68.429
 100663296  14.901  12.362  69.208
 117440512  14.850  12.283  69.632
 134217728  14.824  12.218  69.940
 167772160  14.791  12.129  70.472
 201326592  14.794  12.060  70.880
 234881024  14.730  12.005  71.109
 268435456  14.743  11.990  71.296
 335544320  14.743  11.956  71.574
 402653184  14.718  11.918  71.705
 469762048  14.719  11.903  71.836
 536870912  14.707  11.893  71.975
 671088640  14.715  11.869  72.110
 805306368  14.697  11.855  72.220
 939524096  14.680  11.850  72.273
1073741824  14.631  11.813  72.427
#--------- ------- ------- -------


# page_size=1073741824
#    bytes   GiB/s   GiB/s      ns
#--------- ------- ------- -------
#     size    read   write latency
#--------- ------- ------- -------
      8192  44.348  24.475   1.217
     10240  44.758  24.482   1.217
     12288  44.897  24.478   1.217
     14336  44.787  24.473   1.216
     16384  45.118  24.477   1.219
     20480  45.321  24.491   1.217
     24576  45.444  24.485   1.217
     28672  45.514  24.490   1.217
     32768  45.447  24.483   1.217
     40960  30.452  21.701   3.649
     49152  30.344  21.712   3.650
     57344  30.436  21.738   3.650
     65536  30.469  21.733   3.650
     81920  30.354  21.747   3.650
     98304  30.471  21.734   3.650
    114688  30.498  21.733   3.650
    131072  30.445  21.757   3.650
    163840  30.313  21.757   3.651
    196608  30.289  21.763   3.651
    229376  30.212  21.759   3.653
    262144  30.308  21.750   3.658
    327680  26.886  20.221   7.912
    393216  26.259  19.764   9.489
    458752  25.967  19.576   9.913
    524288  25.968  19.579   9.763
    655360  25.960  19.574  10.596
    786432  25.973  19.573  10.842
    917504  25.957  19.579  11.003
   1048576  25.967  19.571  10.919
   1310720  25.971  19.575  11.340
   1572864  25.974  19.577  11.386
   1835008  25.951  19.578  11.485
   2097152  25.969  19.565  11.565
   2621440  25.972  19.568  11.656
   3145728  25.970  19.569  11.728
   3670016  25.969  19.567  11.763
   4194304  25.849  19.578  11.754
   5242880  18.789  18.554  19.289
   6291456  17.917  18.226  27.101
   7340032  16.840  17.612  38.256
   8388608  16.589  17.371  48.272
  10485760  16.989  17.630  43.404
  12582912  16.789  17.441  43.504
  14680064  16.361  16.830  55.922
  16777216  16.215  16.234  57.551
  20971520  15.891  15.204  60.507
  25165824  15.729  14.480  62.263
  29360128  15.591  13.785  63.105
  33554432  15.508  13.671  64.932
  41943040  15.337  13.251  66.554
  50331648  15.242  13.002  67.275
  58720256  15.174  12.784  67.362
  67108864  15.102  12.645  67.911
  83886080  15.023  12.449  68.237
 100663296  14.965  12.332  68.554
 117440512  14.925  12.278  68.665
 134217728  14.896  12.207  68.726
 167772160  14.852  12.106  68.945
 201326592  14.828  12.055  69.094
 234881024  14.829  12.012  69.211
 268435456  14.813  11.991  69.226
 335544320  14.788  11.942  69.322
 402653184  14.759  11.921  69.351
 469762048  14.746  11.899  69.410
 536870912  14.761  11.886  69.493
 671088640  14.757  11.865  69.467
 805306368  14.722  11.856  69.608
 939524096  14.722  11.848  69.544
1073741824  14.743  11.748  69.659
#--------- ------- ------- -------
