leaf 0x00 data:
  [GenuineIntel] 00000015 756E6547 6C65746E 49656E69
leaf 0x02 data:
  [Data TLB: 2MiB or 4MiB pages, 4-way set associative, 32 entries and a separate array with 1GiB pages, 4-way set associative, 4 entries]
  [Data TLB: 4KiB pages, 4-way set associative, 64 entries]
  [Instruction TLB: 2MiB/4MiB pages, fully associative, 8 entries]
  [CPUID leaf 2 does not report cache descriptor information, use CPUID leaf 4 to query cache parameters]
  [Instruction TLB: 4KiB pages, 8-way set associative, 64 entries]
  [64-Byte prefetching]
  [Shared 2nd-Level TLB: 4KiB/2MiB pages, 6-way associative, 1536 entries. Also 1 GBbyte pages, 4-way, 16 entries]
leaf 0x04 data:
  [data cache] [level 1] [8-way] [64 line size] [non inclusive cache] [linear index function] [32 KiB]
  [instruction cache] [level 1] [8-way] [64 line size] [non inclusive cache] [linear index function] [32 KiB]
  [unified cache] [level 2] [4-way] [64 line size] [non inclusive cache] [linear index function] [256 KiB]
  [unified cache] [level 3] [16-way] [64 line size] [non inclusive cache] [complex index function] [12288 KiB]


# page_size=4096
#    bytes   GiB/s   GiB/s       ns       ns       ns
#--------- ------- ------- -------- -------- --------
#     size    read   write latency1 latency2 latency3
#--------- ------- ------- -------- -------- --------
      8192  34.685  20.939    1.421    0.748    0.478
     10240  32.241  20.426    1.651    0.753    0.505
     12288  26.040  19.101    1.475    0.728    0.464
     14336  37.519  20.160    1.469    0.704    0.481
     16384  37.104  19.717    1.531    0.749    0.494
     20480  30.289  18.372    1.501    0.734    0.482
     24576  38.335  20.215    1.451    0.717    0.482
     28672  33.574  19.781    1.836    0.793    0.503
     32768  36.020  19.337    1.517    0.729    0.482
     40960  25.626  18.180    4.264    2.275    1.087
     49152  24.716  18.508    4.332    2.296    1.610
     57344  24.671  18.233    4.721    2.359    1.537
     65536  24.658  18.663    4.341    2.346    1.689
     81920  20.671  17.551    4.458    2.309    1.527
     98304  24.951  17.443    4.483    2.434    1.812
    114688  23.533  18.305    4.741    2.403    1.654
    131072  23.374  17.254    4.818    2.424    1.820
    163840  23.244  17.372    4.708    2.432    1.676
    196608  18.500  15.962    6.463    3.901    2.451
    229376  21.557  16.528    6.678    3.737    2.482
    262144  20.117  16.495    7.944    4.255    2.459
    327680  21.250  17.256   11.215    5.589    3.559
    393216  19.221  16.102   12.916    6.801    4.514
    458752  20.942  16.905   13.448    7.257    4.894
    524288  17.787  15.120   14.260    7.257    4.967
    655360  18.701  16.344   16.014    8.445    5.708
    786432  19.569  15.742   18.060    9.175    5.742
    917504  20.149  16.136   17.180    9.222    5.872
   1048576  19.206  14.505   17.951    8.707    5.680
   1310720  18.318  16.166   19.903    8.847    5.726
   1572864  20.529  16.063   17.152    8.478    5.928
   1835008  21.471  16.420   17.887    9.006    6.108
   2097152  18.528  15.945   22.937    9.222    6.101
   2621440  19.214  16.226   23.225    9.222    6.705
   3145728  18.799  14.997   31.678   11.488    6.976
   3670016  15.840  14.742   39.080   11.673    6.746
   4194304  18.945  13.033   34.010   11.709    9.218
   5242880  13.268  11.565   45.003   13.785    8.843
   6291456  16.414  14.789   67.598   47.315   23.944
   7340032  12.666  11.527   79.045   29.704   21.904
   8388608  12.439  12.756   79.627   33.971   21.256
  10485760  12.399  11.474   90.137   46.712   31.086
  12582912  11.350  11.966   94.068   54.609   35.141
  14680064  11.177  11.329   95.105   48.906   37.756
  16777216   9.063   7.820  102.510   51.714   35.021
  20971520   9.346   8.675  100.447   56.057   40.042
  25165824   9.436   7.393  106.340   56.355   37.339
  29360128   9.780  10.183  102.647   56.590   40.798
  33554432  10.652  10.025  103.147   58.141   40.292
  41943040  10.277   9.679  105.520   57.815   39.890
  50331648  10.309   8.823  109.465   60.735   41.354
  58720256  11.153  10.337  112.825   62.955   42.882
  67108864  10.639   9.188  112.674   53.787   42.126
  83886080  10.951  10.171  112.450   60.161   40.804
 100663296  10.859  10.212  114.904   64.911   44.001
 117440512   8.139   8.781  116.072   66.583   48.195
 134217728  12.426  11.844  112.741   62.389   48.901
 167772160  12.405  10.877  117.226   63.550   45.533
 201326592  11.701   9.587  113.738   62.642   47.623
 234881024  10.983  10.959  113.290   62.836   50.625
 268435456  12.034   9.284  114.370   66.008   48.822
 335544320  11.394   9.745  116.464   68.518   51.153
 402653184  12.609  12.031  115.764   69.787   48.009
 469762048  12.195  11.359  118.239   71.401   49.681
 536870912  11.706  10.706  120.523   70.400   47.692
 671088640  11.984   9.948  124.045   71.986   49.149
 805306368  11.820  11.302  123.633   76.618   52.352
 939524096  10.942   9.371  138.464   72.165   51.542
1073741824  11.902  11.821  144.766   76.392   51.392
#--------- ------- ------- -------- -------- --------


# page_size=2097152
#    bytes   GiB/s   GiB/s       ns       ns       ns
#--------- ------- ------- -------- -------- --------
#     size    read   write latency1 latency2 latency3
#--------- ------- ------- -------- -------- --------
      8192  36.383  21.512    1.346    0.668    0.440
     10240  42.032  22.574    1.332    0.670    0.442
     12288  44.033  21.851    1.376    0.681    0.453
     14336  40.546  21.530    1.363    0.674    0.549
     16384  28.789  20.121    1.416    0.711    0.489
     20480  39.827  21.268    1.366    0.681    0.451
     24576  40.578  21.508    1.365    0.728    0.516
     28672  38.556  21.523    1.605    0.683    0.454
     32768  41.748  22.063    1.351    0.653    0.454
     40960  27.376  19.826    4.038    2.144    1.044
     49152  26.663  19.391    4.062    2.154    1.595
     57344  26.099  19.297    4.136    2.201    1.457
     65536  26.920  18.741    3.990    2.174    1.492
     81920  28.274  20.147    4.024    2.110    1.455
     98304  26.595  19.032    4.142    2.231    1.634
    114688  27.234  19.724    4.073    2.201    1.446
    131072  27.370  20.792    4.008    2.132    1.468
    163840  29.361  20.135    3.901    2.141    1.637
    196608  26.602  19.393    4.387    2.156    1.735
    229376  23.704  17.858    4.627    2.344    1.542
    262144  26.654  19.342    4.349    2.178    1.519
    327680  23.534  17.953    9.973    5.362    4.058
    393216  22.598  17.468   12.163    6.293    4.059
    458752  21.961  16.367   13.528    7.052    4.387
    524288  23.128  17.810   13.385    7.001    4.451
    655360  20.621  17.775   13.874    7.267    4.708
    786432  22.379  16.776   15.411    7.733    5.041
    917504  20.845  17.232   18.139    7.729    4.994
   1048576  22.724  17.636   14.616    7.910    5.685
   1310720  19.433  17.456   17.685    8.545    5.702
   1572864  22.144  17.414   15.777    7.980    5.174
   1835008  23.948  18.795   16.011    8.132    5.634
   2097152  21.457  17.451   16.256    7.999    5.647
   2621440  22.242  17.459   16.760    8.129    5.433
   3145728  22.576  17.572   19.486    9.211    6.073
   3670016  20.020  11.510   19.364   10.867    6.682
   4194304  21.458  17.209   17.949    8.401    5.641
   5242880  21.413  17.844   19.108    9.816    7.751
   6291456  18.423  16.610   50.167   16.474    7.644
   7340032  16.671  14.018   38.464   22.255   13.354
   8388608  16.487  16.593   69.431   19.178   11.509
  10485760  15.063  15.718   77.834   36.970   20.939
  12582912  14.174  15.005   85.965   48.385   32.766
  14680064  13.325  14.979   90.163   49.257   31.900
  16777216  13.032  14.329   92.591   52.022   35.289
  20971520  12.944  13.499  102.368   55.887   38.990
  25165824  12.096  13.620  100.274   61.335   40.507
  29360128  12.582  12.898  102.850   61.629   45.154
  33554432  13.136  12.849  105.819   61.425   43.572
  41943040  12.260  12.640  106.883   60.850   49.318
  50331648  12.395  11.080  102.620   60.988   45.857
  58720256  11.875  12.520  107.834   66.975   45.865
  67108864  12.526  12.339  109.482   66.063   48.781
  83886080  12.813  12.208  110.919   65.215   52.565
 100663296  12.386  12.066  111.557   61.281   45.023
 117440512  11.001  10.351  113.314   68.630   55.701
 134217728  12.334  11.975  115.698   68.788   56.174
 167772160  12.434  11.829  116.161   70.394   58.723
 201326592  12.358  11.744  116.842   70.837   56.745
 234881024  12.059  11.900  116.662   71.535   57.958
 268435456  12.411  11.767  117.463   71.626   59.339
 335544320  12.305  11.798  117.638   71.827   59.469
 402653184  12.536  11.872  119.336   73.358   57.703
 469762048  12.919  11.754  118.637   76.898   55.881
 536870912  12.384  11.833  119.736   71.772   56.437
 671088640  12.355  11.763  122.690   77.730   57.286
 805306368  12.615  11.667  122.563   76.061   56.616
 939524096  12.587  11.827  122.864   79.163   49.938
1073741824  12.284  11.820  126.197   79.633   56.834
#--------- ------- ------- -------- -------- --------


# page_size=1073741824
#    bytes   GiB/s   GiB/s       ns       ns       ns
#--------- ------- ------- -------- -------- --------
#     size    read   write latency1 latency2 latency3
#--------- ------- ------- -------- -------- --------
      8192  39.949  21.860    1.295    0.623    0.421
     10240  42.099  22.110    1.271    0.629    0.428
     12288  43.198  23.026    1.269    0.634    0.419
     14336  44.666  23.424    1.316    0.681    0.454
     16384  40.571  22.113    1.367    0.682    0.456
     20480  40.684  21.768    1.366    0.683    0.455
     24576  40.776  21.886    1.375    0.688    0.455
     28672  40.882  21.670    1.369    0.684    0.456
     32768  40.778  21.848    1.377    0.686    0.459
     40960  26.430  19.310    4.149    2.178    1.050
     49152  26.496  19.369    4.152    2.181    1.561
     57344  26.088  19.321    4.013    2.049    1.369
     65536  29.143  21.413    3.785    1.995    1.441
     81920  29.073  21.466    3.743    1.986    1.332
     98304  29.229  21.465    3.765    1.980    1.433
    114688  29.283  21.467    3.738    1.970    1.354
    131072  25.407  20.933    3.895    2.059    1.506
    163840  29.262  21.326    3.752    1.983    1.421
    196608  29.714  19.711    3.764    1.952    1.417
    229376  29.620  21.437    3.775    1.947    1.387
    262144  29.562  21.366    3.844    1.948    1.390
    327680  25.494  19.753    9.200    4.710    3.558
    393216  25.074  19.019   11.329    6.557    4.097
    458752  21.658  17.418   13.008    6.207    4.258
    524288  24.561  18.976   12.144    6.092    4.182
    655360  21.948  17.851   14.106    6.759    4.699
    786432  22.535  19.216   13.976    7.223    4.485
    917504  25.141  19.155   14.068    7.134    4.872
   1048576  23.953  19.253   15.030    7.261    4.925
   1310720  23.957  19.140   14.849    7.487    5.047
   1572864  24.798  19.270   14.977    7.303    5.027
   1835008  19.496  17.627   16.528    8.283    5.952
   2097152  21.481  16.105   18.857    8.457    5.801
   2621440  20.985  15.796   18.528    8.656    6.186
   3145728  22.580  16.764   22.945   10.467    5.578
   3670016  21.995  17.776   21.174   10.660    6.054
   4194304  21.829  17.147   18.563    8.804    5.614
   5242880  21.501  18.557   19.735    9.111    5.994
   6291456  21.249  17.219   26.666   11.459    7.113
   7340032  17.214  16.438   23.952   12.303   10.769
   8388608  17.485  17.799   61.567   24.711   18.734
  10485760  11.725  12.634   80.183   39.097   29.023
  12582912   8.877  10.246  104.187   52.131   34.098
  14680064   8.028   8.971   93.199   52.090   32.638
  16777216  12.475  13.570   95.284   51.870   34.972
  20971520  12.965  14.316   97.556   56.960   35.652
  25165824  10.557  10.661  101.297   56.916   45.069
  29360128  11.133  10.784  102.708   58.191   41.131
  33554432  12.109  12.902  105.491   61.369   36.199
  41943040  11.189   9.075  104.410   62.913   41.490
  50331648  10.956   9.546  116.046   66.328   53.094
  58720256  10.489  10.733  121.024   71.258   55.921
  67108864   9.912   9.057  107.829   60.107   42.457
  83886080  12.003  10.695  108.485   58.555   43.319
 100663296  11.566  10.277  114.280   64.649   46.350
 117440512  10.921   9.070  130.938   79.224   60.298
 134217728   5.957   7.815  140.795   73.528   59.135
 167772160   8.646   8.032  139.438   78.176   57.473
 201326592   9.565   8.211  141.178   82.245   53.688
 234881024   8.032   6.332  144.225   65.573   42.880
 268435456  12.025   9.760  157.741   57.887   39.242
 335544320  10.124   8.214  141.527   75.025   44.214
 402653184   5.921   5.344  153.569   76.505   48.110
 469762048   9.176   7.617  170.599   68.902   46.672
 536870912  10.006   7.214  134.534   68.471   50.371
 671088640   5.747   5.874  150.982   73.583   50.636
 805306368   8.944   7.396  146.052   78.057   52.684
 939524096   9.633   8.616  168.386   82.184   56.052
1073741824   9.562   8.454  158.765   83.192   58.332
#--------- ------- ------- -------- -------- --------
