# Samsung 2 x 8GiB DDR3-1600 SODIMM


# page_size=4096
#    bytes   GiB/s   GiB/s       ns       ns       ns
#--------- ------- ------- -------- -------- --------
#     size    read   write latency1 latency2 latency3
#--------- ------- ------- -------- -------- --------
      8192  38.119  20.991    1.340    0.690    0.453
     10240  39.696  20.244    1.338    0.670    0.448
     12288  37.789  21.851    1.339    0.679    0.447
     14336  39.665  21.750    1.339    0.673    0.454
     16384  38.325  21.122    1.340    0.671    0.447
     20480  40.052  20.598    1.364    0.676    0.446
     24576  38.582  21.765    1.341    0.674    0.449
     28672  39.967  21.446    1.353    0.671    0.453
     32768  38.047  21.455    1.390    0.701    0.472
     40960  26.084  18.387    4.036    2.029    1.054
     49152  26.234  19.088    4.060    2.013    1.360
     57344  25.724  19.206    4.035    2.012    1.373
     65536  25.975  19.250    4.064    2.035    1.376
     81920  26.178  17.981    4.043    2.027    1.353
     98304  25.716  19.362    4.020    2.047    1.392
    114688  25.492  19.647    4.067    2.029    1.362
    131072  26.018  19.323    4.063    2.036    1.397
    163840  25.535  19.284    4.023    2.090    1.409
    196608  25.997  19.655    4.064    2.042    1.396
    229376  23.779  18.573    5.932    3.093    1.878
    262144  23.150  18.629    6.425    3.397    2.085
    327680  20.880  17.660    9.018    5.002    3.045
    393216  20.416  18.032    9.559    5.367    3.455
    458752  19.434  17.735   11.343    6.290    4.010
    524288  19.914  17.115   11.390    5.925    4.078
    655360  19.316  17.425   12.758    6.876    4.527
    786432  19.951  17.694   13.856    7.202    4.756
    917504  19.859  17.751   13.911    7.197    4.680
   1048576  19.535  17.240   13.767    7.097    4.836
   1310720  19.779  17.616   14.823    7.575    5.047
   1572864  19.908  17.502   14.516    7.413    5.097
   1835008  19.000  17.224   15.039    7.649    5.237
   2097152  19.325  17.625   15.134    7.742    5.293
   2621440  19.236  16.567   18.259    9.315    6.255
   3145728  18.507  16.124   19.192    9.724    6.562
   3670016  17.863  15.694   25.550   11.677    7.451
   4194304  16.807  14.742   26.735   13.278   11.648
   5242880  15.171  12.632   49.510   24.293   15.823
   6291456  14.282  10.945   61.956   30.498   20.315
   7340032  13.821  10.134   68.223   33.631   21.581
   8388608  13.633   9.759   71.172   35.173   23.328
  10485760  13.383   9.606   74.578   36.898   24.054
  12582912  13.396   9.568   67.831   33.682   22.679
  14680064  13.978  10.394   70.743   35.065   24.527
  16777216  13.739  10.280   73.823   36.349   25.455
  20971520  13.732  10.097   77.192   38.311   26.689
  25165824  13.625   9.991   79.585   39.427   26.582
  29360128  13.523   9.969   81.529   40.420   27.516
  33554432  13.435   9.896   83.027   41.183   28.061
  41943040  13.350   9.857   85.245   42.250   28.454
  50331648  13.366   9.846   86.750   42.893   29.001
  58720256  13.391   9.826   87.549   43.282   29.160
  67108864  13.362   9.811   88.869   43.739   29.464
  83886080  13.498   9.754   90.383   44.888   30.043
 100663296  13.640   9.770   92.037   45.561   30.659
 117440512  13.599   9.750   93.098   46.043   30.722
 134217728  13.718   9.734   94.050   46.632   31.135
 167772160  13.742   9.742   94.859   46.931   31.232
 201326592  13.857   9.708   95.576   47.464   32.100
 234881024  13.918   9.679   96.873   47.965   31.977
 268435456  13.952   9.587   96.330   48.144   32.236
 335544320  14.072   9.623   98.247   48.546   32.491
 402653184  14.159   9.589   98.654   48.677   32.881
 469762048  14.178   9.566   98.953   48.510   32.267
 536870912  14.222   9.554   98.853   48.724   32.594
 671088640  14.257   9.488  100.285   49.412   33.029
 805306368  14.309   9.433  101.079   49.814   33.493
 939524096  14.340   9.432  102.431   50.115   33.426
1073741824  14.348   9.413  102.951   50.492   33.592
#--------- ------- ------- -------- -------- --------


# page_size=2097152
#    bytes   GiB/s   GiB/s       ns       ns       ns
#--------- ------- ------- -------- -------- --------
#     size    read   write latency1 latency2 latency3
#--------- ------- ------- -------- -------- --------
      8192  34.013  21.395    1.341    0.670    0.450
     10240  39.803  21.971    1.366    0.691    0.448
     12288  39.807  22.131    1.341    0.670    0.447
     14336  39.983  21.812    1.341    0.671    0.447
     16384  40.245  21.834    1.341    0.673    0.450
     20480  38.549  21.999    1.366    0.673    0.447
     24576  40.054  22.130    1.362    0.676    0.446
     28672  40.099  22.076    1.340    0.672    0.448
     32768  40.392  21.403    1.383    0.684    0.460
     40960  26.099  19.709    4.060    2.010    1.046
     49152  26.255  19.453    4.025    2.012    1.378
     57344  26.212  19.601    4.032    2.003    1.343
     65536  26.155  19.637    4.040    2.025    1.362
     81920  25.905  19.249    4.017    2.019    1.348
     98304  26.164  19.249    4.018    2.026    1.384
    114688  26.076  19.615    4.019    2.024    1.348
    131072  26.079  19.339    4.031    2.075    1.387
    163840  26.151  19.290    4.025    2.038    1.407
    196608  26.026  19.632    4.087    2.040    1.394
    229376  25.665  19.741    4.028    2.040    1.388
    262144  26.087  19.665    4.128    2.055    1.404
    327680  19.839  17.533    9.181    4.843    3.190
    393216  19.212  17.203    9.867    5.095    3.613
    458752  19.695  17.723   10.287    5.406    3.683
    524288  19.526  17.711    9.768    5.037    3.643
    655360  19.330  17.610   11.191    5.639    4.101
    786432  19.671  17.748   11.479    5.807    4.070
    917504  19.079  17.349   11.604    6.054    3.997
   1048576  19.753  17.191   11.681    5.955    4.142
   1310720  19.820  17.711   12.097    6.179    4.303
   1572864  19.785  16.850   12.201    6.256    4.344
   1835008  19.611  17.749   12.300    6.241    4.324
   2097152  19.692  17.720   12.339    6.339    4.348
   2621440  19.665  17.439   12.536    6.421    4.415
   3145728  19.602  17.721   12.647    6.448    4.447
   3670016  19.895  17.381   12.699    6.522    4.449
   4194304  19.549  17.418   13.268    6.704    4.613
   5242880  16.508  13.603   30.599   16.066   13.872
   6291456  16.309  11.803   39.419   20.274   14.184
   7340032  16.159  11.567   45.249   22.945   20.213
   8388608  15.943  10.989   50.353   25.507   17.552
  10485760  15.785  10.562   56.228   28.122   22.062
  12582912  15.650  10.409   60.639   30.011   23.953
  14680064  15.503  10.181   63.409   31.654   21.841
  16777216  15.482  10.031   65.878   32.870   23.404
  20971520  15.267   9.911   68.782   33.957   23.933
  25165824  15.235   9.742   70.826   35.241   24.769
  29360128  15.195   9.745   72.381   35.484   24.122
  33554432  15.121   9.672   73.368   36.461   24.382
  41943040  15.150   9.647   74.757   37.037   24.692
  50331648  14.967   9.612   75.636   37.608   25.233
  58720256  15.072   9.607   76.080   37.811   24.934
  67108864  15.056   9.586   76.255   37.768   25.017
  83886080  14.951   9.577   77.187   38.248   25.329
 100663296  14.974   9.573   77.894   38.624   25.975
 117440512  14.979   9.295   78.045   38.829   25.582
 134217728  14.978   9.323   78.558   39.055   25.812
 167772160  15.010   9.441   78.664   39.171   25.917
 201326592  15.015   9.308   79.006   39.335   26.440
 234881024  15.016   9.348   79.185   39.373   26.018
 268435456  14.936   9.413   79.532   39.444   26.133
 335544320  14.939   9.517   79.513   39.531   26.248
 402653184  15.024   9.326   79.652   39.690   26.761
 469762048  14.988   9.251   79.610   39.705   26.255
 536870912  15.020   9.329   78.875   39.651   26.375
 671088640  14.992   9.266   79.904   39.771   26.353
 805306368  14.943   9.320   79.910   39.872   26.852
 939524096  14.995   9.355   80.004   39.767   26.427
1073741824  14.986   9.329   80.065   39.969   26.386
#--------- ------- ------- -------- -------- --------


# page_size=1073741824
#    bytes   GiB/s   GiB/s       ns       ns       ns
#--------- ------- ------- -------- -------- --------
#     size    read   write latency1 latency2 latency3
#--------- ------- ------- -------- -------- --------
      8192  31.816  18.914    1.349    0.671    0.446
     10240  37.915  22.089    1.347    0.676    0.447
     12288  39.062  21.930    1.343    0.671    0.446
     14336  39.947  22.153    1.351    0.671    0.447
     16384  40.217  21.677    1.341    0.670    0.448
     20480  40.096  21.867    1.357    0.670    0.450
     24576  39.695  22.160    1.341    0.670    0.452
     28672  39.088  22.182    1.341    0.670    0.447
     32768  40.411  21.757    1.413    0.682    0.459
     40960  26.040  19.672    4.057    2.013    1.046
     49152  26.220  19.102    4.046    2.011    1.366
     57344  26.051  19.613    4.024    2.020    1.348
     65536  25.993  19.434    4.048    2.021    1.345
     81920  26.221  18.909    4.021    2.012    1.346
     98304  25.699  19.783    4.019    2.044    1.369
    114688  25.952  19.783    4.043    2.019    1.339
    131072  25.035  16.319    4.029    2.032    1.388
    163840  26.185  18.876    4.020    2.035    1.400
    196608  24.925  16.126    4.073    2.032    1.398
    229376  25.357  19.782    4.028    2.044    1.406
    262144  26.130  16.392    4.061    2.037    1.394
    327680  19.902  17.685    9.163    4.839    3.167
    393216  19.083  15.640    9.849    5.095    3.604
    458752  19.735  17.748   10.277    5.405    3.677
    524288  19.733  17.679    9.768    5.043    3.641
    655360  19.520  17.725   11.181    5.673    4.086
    786432  19.663  17.739   11.463    5.858    4.079
    917504  19.909  17.224   11.635    6.046    3.996
   1048576  19.481  17.660   11.673    5.979    4.145
   1310720  19.906  17.746   12.117    6.183    4.258
   1572864  19.325  17.693   12.161    6.233    4.317
   1835008  19.101  16.734   12.277    6.255    4.334
   2097152  19.633  17.668   12.322    6.345    4.371
   2621440  19.695  17.516   12.589    6.425    4.426
   3145728  19.500  17.584   12.681    6.491    4.471
   3670016  19.870  17.558   12.775    6.550    4.456
   4194304  19.425  17.409   13.444    6.723    4.657
   5242880  16.398  13.704   30.607   16.102   12.716
   6291456  16.295  11.814   39.273   20.257   14.097
   7340032  16.067  11.623   45.544   22.995   19.919
   8388608  15.831  11.124   50.447   25.053   17.639
  10485760  15.747  10.702   56.389   28.402   22.010
  12582912  15.649  10.408   60.652   29.982   23.992
  14680064  15.442  10.254   63.525   31.457   21.882
  16777216  15.487  10.151   65.877   32.917   23.383
  20971520  15.282   9.902   68.887   33.912   23.913
  25165824  15.283   9.749   70.785   35.252   24.718
  29360128  15.187   9.764   72.313   35.479   24.111
  33554432  15.153   9.674   73.379   36.223   24.385
  41943040  15.136   9.637   74.764   37.065   24.630
  50331648  15.100   9.570   75.777   37.620   25.250
  58720256  15.074   9.619   76.164   37.820   24.932
  67108864  14.971   9.605   76.247   37.766   25.005
  83886080  15.029   9.561   76.574   37.903   24.973
 100663296  15.006   9.586   76.706   38.075   25.570
 117440512  15.089   9.292   76.761   38.113   24.890
 134217728  14.545   9.564   76.842   38.039   25.226
 167772160  14.974   9.274   76.723   38.223   25.248
 201326592  14.987   9.323   77.039   38.168   25.691
 234881024  14.997   9.270   77.041   38.272   25.166
 268435456  14.961   9.560   77.250   38.260   25.310
 335544320  14.960   9.290   77.295   38.326   25.358
 402653184  14.893   9.365   77.485   38.411   25.838
 469762048  15.028   9.260   77.171   38.292   25.285
 536870912  14.882   9.475   77.402   38.268   25.386
 671088640  14.943   9.546   77.433   38.360   25.280
 805306368  14.985   9.494   77.415   38.379   25.742
 939524096  14.982   9.267   77.395   38.360   25.404
1073741824  14.946   9.269   77.253   38.426   25.344
#--------- ------- ------- -------- -------- --------
