#  n     IJK     IKJ     JIK     JKI     KIJ     KJI
#--- ------- ------- ------- ------- ------- -------
  16   0.427   0.244   0.488   0.549   0.244   0.427
  17   0.458   0.254   0.407   0.407   0.204   0.458
  18   0.386   0.300   0.429   0.343   0.129   0.386
  19   0.474   0.292   0.401   0.437   0.146   0.437
  20   0.406   0.250   0.375   0.406   0.156   0.375
  21   0.378   0.270   0.405   0.405   0.189   0.378
  22   0.399   0.258   0.376   0.399   0.211   0.376
  23   0.390   0.247   0.349   0.411   0.185   0.411
  24   0.398   0.217   0.380   0.362   0.145   0.380
  25   0.384   0.224   0.400   0.384   0.144   0.368
  26   0.398   0.228   0.398   0.370   0.142   0.370
  27   0.406   0.203   0.406   0.356   0.152   0.356
  28   0.410   0.216   0.421   0.364   0.148   0.364
  29   0.420   0.205   0.431   0.359   0.164   0.359
  30   0.481   0.194   0.426   0.361   0.167   0.361
  31   0.478   0.201   0.436   0.369   0.168   0.344
  32   0.450   0.183   0.450   0.740   0.130   0.366
  33   0.445   0.167   0.438   0.348   0.139   0.355
  34   0.433   0.172   0.433   0.356   0.134   0.356
  35   0.437   0.169   0.443   0.350   0.152   0.350
  36   0.466   0.155   0.450   0.327   0.145   0.327
  37   0.484   0.158   0.424   0.321   0.143   0.316
  38   0.492   0.164   0.437   0.328   0.191   0.333
  39   0.485   0.169   0.464   0.325   0.139   0.312
  40   0.484   0.125   0.453   0.313   0.117   0.301
  41   0.486   0.138   0.453   0.319   0.138   0.297
  42   0.486   0.132   0.459   0.314   0.121   0.310
  43   0.487   0.138   0.472   0.311   0.129   0.311
  44   0.505   0.129   0.464   0.308   0.126   0.305
  45   0.469   0.143   0.497   0.307   0.129   0.406
  46   0.467   0.131   0.467   0.308   0.128   0.308
  47   0.482   0.157   0.467   0.308   0.144   0.306
  48   0.477   0.115   0.475   0.326   0.111   0.305
  49   0.476   0.147   0.476   0.308   0.144   0.308
  50   0.476   0.120   0.476   0.306   0.114   0.304
  51   0.479   0.136   0.479   0.309   0.128   0.305
  52   0.480   0.121   0.482   0.311   0.121   0.304
  53   0.480   0.136   0.484   0.307   0.126   0.304
  54   0.483   0.127   0.484   0.305   0.124   0.305
  55   0.487   0.144   0.482   0.307   0.138   0.307
  56   0.488   0.111   0.514   0.303   0.111   0.309
  57   0.491   0.142   0.487   0.309   0.140   0.302
  58   0.489   0.117   0.489   0.306   0.115   0.302
  59   0.492   0.133   0.581   0.307   0.122   0.382
  60   0.495   0.120   0.515   0.308   0.119   0.377
  61   0.493   0.141   0.517   0.305   0.132   0.303
  62   0.495   0.123   0.494   0.312   0.123   0.302
  63   0.501   0.135   0.526   0.304   0.126   0.377
  64   0.508   0.111   0.540   0.568   0.112   0.347
  65   0.517   0.146   0.546   0.302   0.144   0.375
  66   0.529   0.116   0.557   0.303   0.117   0.300
  67   0.539   0.142   0.539   0.302   0.139   0.301
  68   0.546   0.118   0.569   0.301   0.119   0.374
  69   0.556   0.142   0.581   0.301   0.143   0.300
  70   0.564   0.122   0.637   0.303   0.122   0.364
  71   0.571   0.140   0.598   0.300   0.136   0.299
  72   0.581   0.115   0.579   0.300   0.114   0.300
  73   0.585   0.135   0.621   0.299   0.133   0.366
  74   0.593   0.116   0.619   0.300   0.116   0.299
  75   0.602   0.136   0.627   0.300   0.138   0.364
  76   0.607   0.121   0.636   0.300   0.121   0.359
  77   0.616   0.139   0.617   0.331   0.135   0.298
  78   0.618   0.122   0.652   0.300   0.122   0.365
  79   0.624   0.148   0.661   0.300   0.138   0.298
  80   0.625   0.112   0.653   0.355   0.112   0.362
  81   0.629   0.138   0.656   0.300   0.139   0.297
  82   0.634   0.118   0.647   0.355   0.119   0.355
  83   0.644   0.138   0.660   0.299   0.134   0.368
  84   0.630   0.119   0.658   0.299   0.119   0.297
  85   0.629   0.138   0.661   0.353   0.127   0.364
  86   0.632   0.121   0.659   0.298   0.121   0.297
  87   0.636   0.142   0.639   0.352   0.138   0.351
  88   0.660   0.112   0.659   0.293   0.113   0.345
  89   0.658   0.148   0.688   0.299   0.138   0.296
  90   0.636   0.116   0.663   0.354   0.117   0.390
  91   0.649   0.143   0.677   0.299   0.137   0.296
  92   0.638   0.118   0.645   0.353   0.119   0.349
  93   0.643   0.136   0.688   0.351   0.130   0.385
  94   0.656   0.120   0.667   0.297   0.122   0.296
  95   0.642   0.144   0.668   0.348   0.136   0.383
  96   0.647   0.112   0.673   0.578   0.114   0.371
  97   0.647   0.134   0.669   0.297   0.137   0.343
  98   0.644   0.116   0.648   0.297   0.118   0.296
  99   0.645   0.135   0.674   0.297   0.137   0.295
 100   0.666   0.120   0.683   0.297   0.123   0.295
 101   0.667   0.139   0.673   0.296   0.132   0.294
 102   0.665   0.119   0.682   0.336   0.127   0.336
 103   0.665   0.145   0.676   0.343   0.146   0.336
 104   0.669   0.111   0.673   0.342   0.115   0.336
 105   0.688   0.144   0.692   0.341   0.142   0.337
 106   0.667   0.114   0.682   0.340   0.120   0.337
 107   0.669   0.140   0.677   0.340   0.139   0.336
 108   0.674   0.118   0.686   0.341   0.128   0.337
 109   0.668   0.139   0.678   0.343   0.138   0.338
 110   0.670   0.118   0.678   0.341   0.125   0.338
 111   0.671   0.139   0.681   0.339   0.138   0.337
 112   0.670   0.112   0.680   0.346   0.117   0.341
 113   0.670   0.133   0.683   0.341   0.132   0.337
 114   0.675   0.116   0.690   0.344   0.132   0.340
 115   0.670   0.144   0.685   0.343   0.146   0.338
 116   0.672   0.116   0.691   0.344   0.133   0.340
 117   0.692   0.144   0.696   0.342   0.150   0.338
 118   0.672   0.119   0.690   0.340   0.133   0.337
 119   0.673   0.139   0.690   0.340   0.142   0.336
 120   0.676   0.113   0.690   0.346   0.125   0.341
 121   0.677   0.143   0.692   0.344   0.146   0.339
 122   0.678   0.117   0.693   0.342   0.142   0.339
 123   0.678   0.143   0.693   0.341   0.154   0.339
 124   0.679   0.125   0.693   0.344   0.151   0.343
 125   0.677   0.141   0.692   0.343   0.171   0.340
 126   0.683   0.123   0.692   0.345   0.193   0.343
 127   0.680   0.139   0.693   0.345   0.194   0.343
 128   0.909   0.121   0.812   0.812   0.132   0.803
 129   0.681   0.156   0.695   0.343   0.195   0.343
 130   0.683   0.131   0.695   0.344   0.189   0.346
 131   0.683   0.156   0.694   0.344   0.188   0.343
 132   0.689   0.138   0.694   0.347   0.178   0.350
 133   0.684   0.162   0.693   0.345   0.186   0.343
 134   0.687   0.143   0.694   0.345   0.188   0.347
 135   0.684   0.169   0.695   0.344   0.195   0.343
 136   0.684   0.140   0.693   0.354   0.177   0.377
 137   0.684   0.165   0.690   0.344   0.186   0.342
 138   0.690   0.141   0.695   0.345   0.181   0.349
 139   0.685   0.165   0.694   0.344   0.186   0.345
 140   0.688   0.143   0.695   0.345   0.182   0.364
 141   0.686   0.167   0.694   0.342   0.191   0.341
 142   0.689   0.144   0.693   0.342   0.185   0.347
 143   0.686   0.166   0.693   0.341   0.188   0.340
 144   0.687   0.140   0.694   0.367   0.178   0.384
 145   0.687   0.161   0.694   0.342   0.181   0.342
 146   0.697   0.142   0.697   0.341   0.181   0.348
 147   0.689   0.173   0.694   0.339   0.190   0.339
 148   0.689   0.142   0.696   0.343   0.181   0.365
 149   0.689   0.169   0.695   0.338   0.188   0.339
 150   0.693   0.143   0.695   0.342   0.183   0.347
 151   0.692   0.168   0.694   0.341   0.189   0.339
 152   0.698   0.140   0.693   0.352   0.177   0.380
 153   0.692   0.169   0.694   0.337   0.185   0.338
 154   0.696   0.140   0.695   0.337   0.179   0.345
 155   0.693   0.166   0.696   0.337   0.185   0.337
 156   0.695   0.142   0.698   0.340   0.181   0.363
 157   0.696   0.165   0.696   0.336   0.188   0.338
 158   0.699   0.143   0.697   0.336   0.183   0.345
 159   0.697   0.164   0.696   0.335   0.188   0.337
 160   0.698   0.140   0.697   0.623   0.176   0.513
 161   0.697   0.163   0.698   0.334   0.183   0.335
 162   0.700   0.140   0.699   0.336   0.179   0.342
 163   0.700   0.163   0.699   0.335   0.185   0.336
 164   0.707   0.143   0.702   0.341   0.182   0.368
 165   0.701   0.163   0.700   0.333   0.186   0.335
 166   0.710   0.143   0.704   0.335   0.182   0.345
 167   0.701   0.166   0.702   0.334   0.187   0.334
 168   0.702   0.139   0.703   0.354   0.175   0.379
 169   0.703   0.162   0.705   0.334   0.182   0.335
 170   0.706   0.140   0.708   0.334   0.179   0.342
 171   0.711   0.172   0.711   0.333   0.190   0.339
 172   0.705   0.141   0.716   0.337   0.180   0.363
 173   0.707   0.168   0.720   0.332   0.187   0.333
 174   0.707   0.143   0.719   0.333   0.181   0.340
 175   0.709   0.169   0.722   0.332   0.187   0.333
 176   0.706   0.139   0.724   0.367   0.175   0.387
 177   0.714   0.166   0.726   0.332   0.183   0.333
 178   0.738   0.141   0.733   0.336   0.179   0.344
 179   0.718   0.167   0.728   0.333   0.183   0.332
 180   0.713   0.141   0.734   0.338   0.179   0.365
 181   0.722   0.171   0.733   0.332   0.187   0.333
 182   0.728   0.142   0.739   0.332   0.180   0.343
 183   0.727   0.167   0.732   0.331   0.187   0.333
 184   0.720   0.139   0.737   0.354   0.175   0.378
 185   0.732   0.169   0.740   0.332   0.182   0.332
 186   0.751   0.141   0.750   0.338   0.178   0.343
 187   0.738   0.167   0.742   0.332   0.184   0.333
 188   0.732   0.141   0.745   0.337   0.178   0.363
 189   0.744   0.164   0.755   0.330   0.184   0.332
 190   0.738   0.142   0.754   0.332   0.180   0.339
 191   0.745   0.164   0.751   0.332   0.185   0.330
 192   0.756   0.139   0.760   0.720   0.175   0.636
 193   0.750   0.164   0.755   0.331   0.182   0.332
 194   0.749   0.140   0.761   0.330   0.177   0.340
 195   0.908   0.163   0.769   0.417   0.184   0.414
 196   0.748   0.141   0.762   0.336   0.178   0.361
 197   0.758   0.163   0.768   0.330   0.184   0.330
 198   0.756   0.142   0.768   0.334   0.180   0.337
 199   0.763   0.164   0.766   0.329   0.185   0.331
 200   0.755   0.138   0.771   0.355   0.174   0.381
 201   0.767   0.162   0.773   0.328   0.182   0.329
 202   0.762   0.139   0.776   0.329   0.177   0.337
 203   0.770   0.163   0.777   0.328   0.182   0.328
 204   0.768   0.140   0.778   0.337   0.178   0.361
 205   0.818   0.171   0.790   0.479   0.189   0.511
 206   0.772   0.141   0.780   0.327   0.180   0.337
 207   0.779   0.167   0.784   0.326   0.185   0.328
 208   0.774   0.138   0.790   0.366   0.174   0.387
 209   0.781   0.165   0.791   0.335   0.182   0.341
 210   0.794   0.139   0.792   0.331   0.177   0.337
 211   0.783   0.168   0.790   0.327   0.183   0.328
 212   0.780   0.140   0.794   0.334   0.178   0.368
 213   0.787   0.168   0.800   0.325   0.184   0.327
 214   0.785   0.141   0.799   0.327   0.179   0.336
 215   0.791   0.166   0.796   0.326   0.185   0.326
 216   0.788   0.138   0.798   0.355   0.175   0.376
 217   0.794   0.168   0.800   0.326   0.181   0.327
 218   0.790   0.139   0.804   0.325   0.176   0.335
 219   0.797   0.165   0.803   0.324   0.182   0.326
 220   0.794   0.140   0.808   0.332   0.177   0.362
 221   0.801   0.164   0.810   0.325   0.184   0.325
 222   0.798   0.140   0.809   0.326   0.179   0.333
 223   0.804   0.163   0.810   0.325   0.184   0.326
 224   0.802   0.138   0.813   0.624   0.175   0.560
 225   0.806   0.162   0.814   0.323   0.181   0.325
 226   0.805   0.139   0.815   0.325   0.176   0.333
 227   0.810   0.163   0.813   0.324   0.183   0.324
 228   0.807   0.140   0.817   0.332   0.178   0.369
 229   0.813   0.162   0.818   0.324   0.183   0.325
 230   0.809   0.140   0.819   0.323   0.178   0.333
 231   0.815   0.164   0.822   0.322   0.184   0.324
 232   0.809   0.138   0.822   0.351   0.174   0.376
 233   0.818   0.163   0.823   0.323   0.181   0.322
 234   0.830   0.139   0.826   0.328   0.176   0.335
 235   0.826   0.163   0.828   0.323   0.181   0.325
 236   0.817   0.139   0.827   0.329   0.177   0.359
 237   0.824   0.164   0.830   0.321   0.183   0.323
 238   0.821   0.140   0.832   0.322   0.178   0.332
 239   0.826   0.166   0.833   0.322   0.184   0.322
 240   0.823   0.138   0.835   0.365   0.174   0.385
 241   0.973   0.165   0.842   0.470   0.182   0.615
 242   0.828   0.138   0.838   0.321   0.176   0.333
 243   0.831   0.165   0.837   0.325   0.182   0.330
 244   0.826   0.139   0.838   0.328   0.176   0.360
 245   0.833   0.167   0.841   0.321   0.182   0.321
 246   0.831   0.140   0.840   0.324   0.178   0.331
 247   0.835   0.164   0.841   0.321   0.182   0.322
 248   0.830   0.137   0.844   0.350   0.174   0.374
 249   0.839   0.166   0.845   0.320   0.180   0.321
 250   0.835   0.138   0.844   0.321   0.176   0.331
 251   0.841   0.165   0.846   0.320   0.181   0.320
 252   0.838   0.139   0.851   0.330   0.176   0.361
 253   0.837   0.161   0.851   0.321   0.182   0.324
 254   0.839   0.140   0.851   0.320   0.179   0.331
 255   0.841   0.156   0.850   0.320   0.180   0.325
 256   1.147   0.138   0.920   3.831   0.173   3.808
 257   0.847   0.169   0.851   0.319   0.187   0.321
 258   0.846   0.138   0.856   0.322   0.177   0.331
 259   0.849   0.164   0.856   0.319   0.184   0.321
 260   0.847   0.139   0.859   0.327   0.176   0.361
 261   0.852   0.163   0.861   0.318   0.183   0.320
 262   0.850   0.140   0.860   0.319   0.177   0.330
 263   0.854   0.164   0.860   0.319   0.183   0.319
 264   0.848   0.137   0.863   0.350   0.173   0.373
 265   0.858   0.162   0.863   0.319   0.181   0.320
 266   0.853   0.138   0.865   0.319   0.175   0.334
 267   0.864   0.163   0.866   0.318   0.182   0.319
 268   0.857   0.139   0.867   0.326   0.176   0.359
 269   0.861   0.164   0.867   0.318   0.182   0.318
 270   0.858   0.139   0.869   0.320   0.177   0.330
 271   0.864   0.165   0.871   0.318   0.182   0.319
 272   0.861   0.137   0.873   0.360   0.174   0.384
 273   1.042   0.165   0.877   0.491   0.181   0.489
 274   0.864   0.138   0.872   0.318   0.176   0.330
 275   0.867   0.165   0.872   0.317   0.181   0.317
 276   0.864   0.139   0.876   0.326   0.176   0.358
 277   0.868   0.166   0.876   0.317   0.182   0.319
 278   0.868   0.139   0.876   0.317   0.177   0.331
 279   0.871   0.163   0.876   0.316   0.181   0.317
 280   0.865   0.137   0.878   0.347   0.173   0.373
 281   0.873   0.167   0.880   0.317   0.181   0.316
 282   0.869   0.138   0.882   0.319   0.175   0.330
 283   0.875   0.165   0.880   0.317   0.181   0.318
 284   0.873   0.138   0.884   0.324   0.176   0.359
 285   0.877   0.163   0.883   0.315   0.182   0.317
 286   0.875   0.139   0.883   0.316   0.177   0.329
 287   0.879   0.162   0.885   0.316   0.182   0.316
 288   0.878   0.138   0.886   0.730   0.179   0.688
 289   0.880   0.162   0.887   0.316   0.180   0.317
 290   0.879   0.138   0.887   0.316   0.175   0.330
 291   0.882   0.161   0.887   0.315   0.181   0.316
 292   0.880   0.139   0.888   0.324   0.177   0.358
 293   0.885   0.162   0.892   0.316   0.183   0.322
 294   0.882   0.139   0.891   0.317   0.177   0.330
 295   0.886   0.162   0.891   0.315   0.182   0.317
 296   0.881   0.137   0.892   0.346   0.173   0.372
 297   0.888   0.162   0.892   0.314   0.180   0.316
 298   0.885   0.138   0.894   0.316   0.175   0.329
 299   0.889   0.162   0.896   0.315   0.181   0.315
 300   0.887   0.138   0.898   0.324   0.176   0.357
 301   0.891   0.162   0.897   0.315   0.181   0.316
 302   0.889   0.139   0.897   0.314   0.176   0.329
 303   0.893   0.165   0.897   0.314   0.182   0.315
 304   0.889   0.137   0.901   0.359   0.173   0.382
 305   0.934   0.163   0.901   0.411   0.180   0.411
 306   0.896   0.137   0.901   0.317   0.175   0.330
 307   0.896   0.163   0.900   0.314   0.179   0.316
 308   0.893   0.138   0.903   0.322   0.175   0.356
 309   0.897   0.166   0.904   0.314   0.181   0.315
 310   0.894   0.139   0.905   0.314   0.176   0.328
 311   0.899   0.165   0.904   0.313   0.182   0.314
 312   0.894   0.137   0.906   0.346   0.173   0.370
 313   0.901   0.167   0.905   0.314   0.180   0.315
 314   0.898   0.138   0.907   0.313   0.175   0.329
 315   1.069   0.165   0.912   0.502   0.181   0.499
 316   0.899   0.138   0.909   0.322   0.176   0.356
 317   0.904   0.163   0.910   0.313   0.182   0.314
 318   0.903   0.139   0.911   0.315   0.176   0.328
 319   0.906   0.162   0.910   0.313   0.182   0.314
 320   1.120   0.137   0.917   1.337   0.174   1.270
 321   0.906   0.162   0.912   0.312   0.180   0.314
 322   0.906   0.137   0.914   0.313   0.175   0.328
 323   0.908   0.161   0.912   0.313   0.180   0.313
 324   0.905   0.138   0.914   0.323   0.175   0.355
 325   0.909   0.162   0.915   0.313   0.181   0.314
 326   0.907   0.139   0.914   0.312   0.176   0.329
 327   0.910   0.162   0.916   0.312   0.181   0.313
 328   0.906   0.137   0.917   0.343   0.173   0.369
 329   0.912   0.161   0.917   0.312   0.180   0.312
 330   0.910   0.137   0.919   0.314   0.175   0.328
 331   0.913   0.162   0.919   0.312   0.180   0.315
 332   0.912   0.138   0.921   0.321   0.175   0.355
 333   0.915   0.164   0.922   0.311   0.181   0.313
 334   0.914   0.138   0.922   0.312   0.176   0.327
 335   0.917   0.164   0.922   0.312   0.182   0.312
 336   0.914   0.137   0.922   0.358   0.173   0.380
 337   0.924   0.163   0.923   0.327   0.179   0.334
 338   0.918   0.137   0.924   0.312   0.175   0.328
 339   0.918   0.164   0.924   0.311   0.180   0.313
 340   0.916   0.138   0.924   0.320   0.175   0.354
 341   1.077   0.159   0.946   0.556   0.177   0.608
 342   0.919   0.139   0.927   0.315   0.177   0.339
 343   0.921   0.166   0.925   0.311   0.185   0.313
 344   0.916   0.137   0.927   0.344   0.173   0.369
 345   0.923   0.167   0.927   0.310   0.180   0.311
 346   0.921   0.137   0.929   0.311   0.175   0.327
 347   0.925   0.165   0.928   0.310   0.180   0.311
 348   0.922   0.138   0.931   0.321   0.175   0.354
 349   0.925   0.163   0.931   0.311   0.181   0.312
 350   0.923   0.138   0.932   0.311   0.176   0.328
 351   0.931   0.162   0.933   0.310   0.182   0.312
 352   0.927   0.137   0.932   0.815   0.174   0.775
 353   0.931   0.162   0.933   0.311   0.180   0.311
 354   0.926   0.137   0.933   0.316   0.175   0.343
 355   0.928   0.162   0.934   0.383   0.180   0.403
 356   0.926   0.137   0.936   0.320   0.175   0.354
 357   0.929   0.162   0.936   0.310   0.184   0.312
 358   0.928   0.138   0.937   0.311   0.176   0.326
 359   0.931   0.163   0.936   0.310   0.182   0.310
 360   0.927   0.137   0.937   0.344   0.173   0.367
 361   0.934   0.163   0.937   0.310   0.180   0.312
 362   0.930   0.138   0.939   0.310   0.175   0.327
 363   0.934   0.163   0.939   0.309   0.181   0.310
 364   0.932   0.139   0.940   0.320   0.175   0.354
 365   0.935   0.163   0.940   0.310   0.181   0.313
 366   0.933   0.139   0.940   0.311   0.176   0.327
 367   0.936   0.164   0.942   0.310   0.181   0.311
 368   0.933   0.137   0.941   0.355   0.173   0.379
 369   0.939   0.164   0.942   0.309   0.180   0.311
 370   0.937   0.138   0.943   0.310   0.175   0.326
 371   0.938   0.165   0.943   0.310   0.181   0.310
 372   0.937   0.139   0.945   0.320   0.176   0.354
 373   0.940   0.166   0.945   0.310   0.182   0.312
 374   0.937   0.138   0.946   0.309   0.176   0.329
 375   0.941   0.164   0.945   0.417   0.181   0.438
 376   0.936   0.137   0.946   0.341   0.173   0.367
 377   0.942   0.166   0.947   0.309   0.180   0.309
 378   0.938   0.138   0.947   0.311   0.174   0.327
 379   0.944   0.164   0.947   0.309   0.180   0.310
 380   0.941   0.139   0.949   0.319   0.175   0.353
 381   1.019   0.163   0.949   0.474   0.180   0.471
 382   0.941   0.139   0.949   0.309   0.176   0.326
 383   0.945   0.162   0.949   0.308   0.180   0.309
 384   1.126   0.139   0.964   2.109   0.174   2.048
 385   0.945   0.163   0.951   0.308   0.180   0.310
 386   0.944   0.138   0.951   0.309   0.174   0.327
 387   0.947   0.162   0.951   0.308   0.180   0.309
 388   0.944   0.138   0.952   0.318   0.175   0.353
 389   0.947   0.162   0.953   0.308   0.180   0.309
 390   0.951   0.140   0.954   0.316   0.176   0.330
 391   0.948   0.162   0.953   0.308   0.181   0.313
 392   0.944   0.137   0.954   0.341   0.173   0.367
 393   0.949   0.164   0.954   0.308   0.179   0.309
 394   0.947   0.138   0.955   0.309   0.174   0.339
 395   0.950   0.163   0.955   0.308   0.180   0.308
 396   0.948   0.140   0.956   0.319   0.175   0.353
 397   0.951   0.163   0.957   0.308   0.180   0.318
 398   0.949   0.140   0.957   0.308   0.175   0.327
 399   0.952   0.164   0.957   0.307   0.181   0.310
 400   0.950   0.139   0.958   0.355   0.173   0.378
 401   0.953   0.163   0.959   0.308   0.180   0.317
 402   0.952   0.139   0.959   0.309   0.174   0.327
 403   0.954   0.164   0.959   0.308   0.180   0.318
 404   0.952   0.140   0.960   0.318   0.175   0.352
 405   0.955   0.165   0.961   0.307   0.180   0.317
 406   0.953   0.140   0.960   0.308   0.176   0.325
 407   0.956   0.164   0.961   0.308   0.181   0.316
 408   0.952   0.139   0.961   0.341   0.173   0.365
 409   0.961   0.166   0.962   0.308   0.180   0.318
 410   0.958   0.140   0.964   0.318   0.175   0.371
 411   0.958   0.164   0.962   0.307   0.180   0.318
 412   0.956   0.140   0.964   0.318   0.175   0.352
 413   0.959   0.163   0.964   0.307   0.180   0.316
 414   0.957   0.141   0.965   0.310   0.175   0.330
 415   0.960   0.162   0.965   0.307   0.181   0.317
 416   1.005   0.140   0.965   0.822   0.174   0.789
 417   0.960   0.162   0.966   0.307   0.180   0.317
 418   0.961   0.139   0.966   0.336   0.174   0.371
 419   0.961   0.162   0.966   0.309   0.181   0.318
 420   0.959   0.140   0.967   0.319   0.175   0.352
 421   0.962   0.162   0.969   0.308   0.180   0.317
 422   0.960   0.141   0.968   0.307   0.175   0.326
 423   0.963   0.163   0.968   0.310   0.181   0.317
 424   0.959   0.139   0.969   0.340   0.173   0.365
 425   0.967   0.162   0.969   0.307   0.180   0.307
 426   0.964   0.139   0.970   0.309   0.174   0.330
 427   0.965   0.162   0.970   0.307   0.180   0.308
 428   0.963   0.139   0.971   0.319   0.175   0.359
 429   0.966   0.163   0.972   0.306   0.180   0.307
 430   0.964   0.140   0.971   0.307   0.175   0.325
 431   0.970   0.164   0.972   0.308   0.181   0.307
 432   0.964   0.138   0.971   0.358   0.173   0.377
 433   0.967   0.163   0.972   0.307   0.179   0.308
 434   0.968   0.139   0.972   0.307   0.174   0.326
 435   0.968   0.164   0.973   0.306   0.180   0.308
 436   0.966   0.140   0.974   0.317   0.174   0.351
 437   0.969   0.165   0.975   0.306   0.180   0.308
 438   0.967   0.140   0.975   0.308   0.175   0.326
 439   0.970   0.166   0.975   0.322   0.183   0.370
 440   0.966   0.139   0.975   0.339   0.173   0.366
 441   0.972   0.166   0.975   0.306   0.180   0.308
 442   0.970   0.139   0.976   0.307   0.174   0.325
 443   0.972   0.164   0.976   0.307   0.180   0.313
 444   0.970   0.140   0.977   0.317   0.174   0.352
 445   0.972   0.163   0.977   0.306   0.180   0.311
 446   0.970   0.140   0.977   0.306   0.175   0.325
 447   0.973   0.162   0.978   0.305   0.181   0.306
 448   1.127   0.140   0.985   1.353   0.174   1.306
 449   0.973   0.162   0.979   0.306   0.180   0.312
 450   0.972   0.140   0.979   0.308   0.174   0.326
 451   0.974   0.162   0.979   0.306   0.180   0.314
 452   0.971   0.140   0.980   0.316   0.175   0.352
 453   0.975   0.162   0.981   0.305   0.181   0.311
 454   0.973   0.141   0.981   0.306   0.176   0.325
 455   1.106   0.162   0.984   0.591   0.181   0.677
 456   0.973   0.140   0.981   0.340   0.173   0.364
 457   0.977   0.164   0.981   0.312   0.185   0.320
 458   0.974   0.140   0.982   0.310   0.179   0.334
 459   0.985   0.164   0.982   0.313   0.185   0.319
 460   0.976   0.141   0.983   0.316   0.176   0.351
 461   0.978   0.166   0.984   0.312   0.186   0.314
 462   0.976   0.141   0.983   0.311   0.180   0.335
 463   0.981   0.166   0.983   0.311   0.186   0.315
 464   0.976   0.140   0.984   0.357   0.173   0.378
 465   0.979   0.165   0.985   0.310   0.180   0.314
 466   0.978   0.140   0.984   0.309   0.179   0.334
 467   0.980   0.166   0.984   0.311   0.185   0.314
 468   0.978   0.141   0.985   0.317   0.179   0.351
 469   0.983   0.167   0.986   0.311   0.183   0.315
 470   0.987   0.141   0.986   0.315   0.180   0.339
 471   0.981   0.167   0.986   0.310   0.186   0.314
 472   0.978   0.140   0.987   0.338   0.173   0.364
 473   0.983   0.168   0.986   0.312   0.181   0.318
 474   0.981   0.140   0.987   0.311   0.179   0.335
 475   0.982   0.167   0.987   0.311   0.185   0.315
 476   0.981   0.141   0.988   0.315   0.178   0.351
 477   0.985   0.165   0.989   0.308   0.183   0.314
 478   0.982   0.141   0.988   0.308   0.175   0.342
 479   0.985   0.165   0.989   0.309   0.181   0.314
 480   1.085   0.141   0.988   0.829   0.174   0.800
 481   0.985   0.164   0.990   0.309   0.179   0.315
 482   0.985   0.140   0.990   0.334   0.179   0.414
 483   0.990   0.164   0.990   0.312   0.185   0.314
 484   0.983   0.141   0.990   0.319   0.179   0.351
 485   0.992   0.164   0.991   0.316   0.185   0.318
 486   0.984   0.141   0.991   0.346   0.180   0.376
 487   0.986   0.165   0.992   0.312   0.186   0.314
 488   0.983   0.140   0.993   0.338   0.173   0.364
 489   0.988   0.165   0.992   0.311   0.184   0.314
 490   0.987   0.140   0.993   0.311   0.179   0.334
 491   0.990   0.166   0.993   0.312   0.185   0.313
 492   0.986   0.141   0.994   0.320   0.179   0.350
 493   0.996   0.166   0.994   0.315   0.185   0.319
 494   0.987   0.141   0.994   0.311   0.180   0.334
 495   0.991   0.167   0.994   0.311   0.186   0.313
 496   0.987   0.140   0.994   0.360   0.173   0.379
 497   0.990   0.163   0.995   0.305   0.179   0.313
 498   0.990   0.140   0.994   0.307   0.174   0.331
 499   0.990   0.166   0.995   0.309   0.179   0.313
 500   0.988   0.141   0.996   0.315   0.174   0.350
 501   0.991   0.167   0.996   0.309   0.179   0.313
 502   0.990   0.141   0.996   0.308   0.175   0.334
 503   1.053   0.167   0.995   0.528   0.180   0.524
 504   0.988   0.140   0.996   0.340   0.173   0.363
 505   1.011   0.168   0.996   0.519   0.179   0.546
 506   0.992   0.141   0.997   0.332   0.174   0.365
 507   0.993   0.165   0.997   0.306   0.179   0.315
 508   0.991   0.144   0.998   0.315   0.174   0.350
 509   0.996   0.164   0.999   0.310   0.179   0.321
 510   0.995   0.141   0.999   0.307   0.176   0.334
 511   0.996   0.159   0.999   0.310   0.177   0.327
 512   1.151   0.141   1.107   4.762   0.174   4.737
 513   0.995   0.169   0.999   0.313   0.185   0.337
 514   0.994   0.140   0.999   0.317   0.175   0.340
 515   0.995   0.167   0.999   0.318   0.182   0.327
 516   0.993   0.141   1.000   0.323   0.175   0.352
 517   0.995   0.167   1.001   0.322   0.182   0.328
 518   0.994   0.141   1.001   0.322   0.177   0.347
 519   0.998   0.166   1.000   0.326   0.182   0.329
 520   0.993   0.140   1.001   0.350   0.174   0.377
 521   0.997   0.166   1.001   0.331   0.181   0.343
 522   1.002   0.140   1.002   0.336   0.176   0.356
 523   0.997   0.166   1.002   0.331   0.181   0.336
 524   0.996   0.141   1.002   0.344   0.176   0.385
 525   0.998   0.167   1.003   0.332   0.184   0.336
 526   0.997   0.141   1.002   0.333   0.177   0.356
 527   0.998   0.167   1.003   0.334   0.182   0.338
 528   0.997   0.140   1.004   0.465   0.174   0.477
 529   0.999   0.167   1.004   0.338   0.181   0.342
 530   0.999   0.143   1.004   0.340   0.176   0.362
 531   1.086   0.168   1.003   0.621   0.181   0.780
 532   0.998   0.143   1.005   0.353   0.176   0.389
 533   1.002   0.169   1.005   0.344   0.182   0.348
 534   1.001   0.141   1.006   0.348   0.178   0.368
 535   1.003   0.168   1.006   0.348   0.182   0.353
 536   0.998   0.140   1.006   0.374   0.174   0.398
 537   1.002   0.169   1.006   0.350   0.181   0.354
 538   1.001   0.140   1.006   0.353   0.182   0.372
 539   1.098   0.168   1.006   0.630   0.186   0.831
 540   1.001   0.141   1.008   0.364   0.182   0.398
 541   1.053   0.167   1.007   0.612   0.187   0.675
 542   1.002   0.141   1.007   0.358   0.183   0.377
 543   1.003   0.166   1.007   0.358   0.188   0.363
 544   1.123   0.141   1.011   1.160   0.175   1.111
 545   1.003   0.166   1.008   0.360   0.187   0.365
 546   1.006   0.140   1.008   0.369   0.182   0.385
 547   1.004   0.166   1.008   0.364   0.187   0.370
 548   1.003   0.144   1.009   0.373   0.182   0.406
 549   1.004   0.166   1.010   0.366   0.188   0.373
 550   1.004   0.141   1.010   0.368   0.184   0.387
 551   1.005   0.166   1.010   0.369   0.189   0.375
 552   1.003   0.140   1.010   0.395   0.178   0.427
 553   1.007   0.166   1.010   0.373   0.188   0.382
 554   1.005   0.140   1.010   0.374   0.183   0.396
 555   1.007   0.167   1.011   0.374   0.183   0.380
 556   1.005   0.141   1.011   0.381   0.177   0.413
 557   1.008   0.167   1.012   0.375   0.184   0.382
 558   1.007   0.141   1.011   0.377   0.180   0.395
 559   1.007   0.168   1.011   0.379   0.185   0.391
 560   1.006   0.140   1.011   0.623   0.174   0.639
 561   1.009   0.168   1.012   0.379   0.183   0.385
 562   1.008   0.140   1.012   0.380   0.178   0.398
 563   1.007   0.168   1.012   0.380   0.183   0.386
 564   1.007   0.141   1.013   0.393   0.178   0.435
 565   1.090   0.169   1.013   0.669   0.185   0.809
 566   1.009   0.141   1.013   0.384   0.181   0.404
 567   1.009   0.168   1.013   0.384   0.184   0.391
 568   1.007   0.140   1.014   0.406   0.174   0.435
 569   1.009   0.171   1.013   0.412   0.186   0.487
 570   1.010   0.140   1.014   0.387   0.179   0.406
 571   1.010   0.169   1.015   0.388   0.186   0.396
 572   1.009   0.141   1.015   0.398   0.179   0.435
 573   1.010   0.167   1.016   0.389   0.185   0.397
 574   1.010   0.141   1.015   0.390   0.181   0.410
 575   1.011   0.167   1.016   0.390   0.186   0.400
 576   1.131   0.141   1.019   1.431   0.175   1.377
 577   1.011   0.167   1.016   0.393   0.185   0.403
 578   1.011   0.140   1.016   0.395   0.180   0.415
 579   1.011   0.167   1.016   0.394   0.185   0.403
 580   1.011   0.141   1.017   0.405   0.180   0.441
 581   1.012   0.167   1.017   0.418   0.186   0.438
 582   1.013   0.141   1.017   0.400   0.181   0.419
 583   1.017   0.167   1.016   0.432   0.187   0.448
 584   1.012   0.140   1.018   0.420   0.176   0.457
 585   1.119   0.167   1.020   0.695   0.184   0.741
 586   1.014   0.141   1.018   0.405   0.181   0.433
 587   1.016   0.167   1.018   0.404   0.190   0.414
 588   1.013   0.143   1.018   0.412   0.180   0.440
 589   1.016   0.168   1.019   0.408   0.187   0.420
 590   1.015   0.141   1.019   0.409   0.182   0.428
 591   1.015   0.168   1.019   0.411   0.187   0.422
 592   1.014   0.140   1.019   0.737   0.177   0.750
 593   1.015   0.168   1.019   0.412   0.188   0.427
 594   1.016   0.140   1.019   0.415   0.181   0.432
 595   1.015   0.168   1.020   0.415   0.187   0.425
 596   1.014   0.141   1.021   0.422   0.180   0.451
 597   1.015   0.169   1.021   0.417   0.187   0.427
 598   1.016   0.141   1.021   0.419   0.183   0.439
 599   1.016   0.168   1.020   0.419   0.190   0.431
 600   1.015   0.140   1.021   0.436   0.177   0.474
 601   1.017   0.168   1.021   0.423   0.190   0.435
 602   1.017   0.140   1.022   0.424   0.187   0.441
 603   1.018   0.168   1.022   0.425   0.190   0.436
 604   1.017   0.141   1.022   0.430   0.185   0.456
 605   1.018   0.167   1.022   0.425   0.186   0.436
 606   1.018   0.141   1.022   0.429   0.183   0.445
 607   1.018   0.166   1.023   0.432   0.186   0.448
 608   1.131   0.141   1.026   1.469   0.177   1.411
 609   1.018   0.167   1.023   0.433   0.188   0.449
 610   1.023   0.140   1.023   0.440   0.189   0.453
 611   1.020   0.167   1.023   0.432   0.190   0.444
 612   1.018   0.143   1.024   0.439   0.185   0.464
 613   1.023   0.166   1.025   0.458   0.191   0.473
 614   1.020   0.141   1.024   0.438   0.188   0.454
 615   1.020   0.167   1.024   0.441   0.192   0.461
 616   1.019   0.140   1.024   0.451   0.179   0.491
 617   1.021   0.166   1.024   0.438   0.190   0.451
 618   1.021   0.142   1.025   0.443   0.188   0.459
 619   1.021   0.167   1.025   0.444   0.193   0.456
 620   1.020   0.141   1.026   0.447   0.186   0.472
 621   1.024   0.167   1.026   0.446   0.192   0.458
 622   1.021   0.141   1.025   0.454   0.190   0.481
 623   1.023   0.168   1.026   0.445   0.192   0.458
 624   1.021   0.140   1.026   0.799   0.181   0.812
 625   1.024   0.167   1.026   0.449   0.187   0.462
 626   1.022   0.143   1.026   0.450   0.183   0.466
 627   1.021   0.169   1.026   0.453   0.191   0.469
 628   1.022   0.143   1.027   0.453   0.185   0.477
 629   1.022   0.169   1.027   0.449   0.191   0.461
 630   1.024   0.143   1.028   0.456   0.184   0.469
 631   1.023   0.169   1.027   0.451   0.192   0.463
 632   1.022   0.140   1.028   0.462   0.179   0.503
 633   1.084   0.169   1.027   0.689   0.186   0.690
 634   1.024   0.140   1.028   0.458   0.185   0.483
 635   1.024   0.168   1.028   0.451   0.191   0.464
 636   1.023   0.141   1.029   0.456   0.186   0.479
 637   1.025   0.167   1.029   0.453   0.191   0.466
 638   1.024   0.141   1.029   0.454   0.186   0.472
 639   1.026   0.166   1.029   0.454   0.187   0.469
 640   1.131   0.144   1.033   2.104   0.182   2.065
 641   1.025   0.167   1.029   0.452   0.193   0.467
 642   1.025   0.140   1.029   0.455   0.189   0.472
 643   1.025   0.168   1.029   0.479   0.191   0.502
 644   1.025   0.141   1.030   0.457   0.185   0.481
 645   1.026   0.167   1.030   0.454   0.191   0.467
 646   1.028   0.144   1.030   0.454   0.190   0.468
 647   1.026   0.167   1.031   0.458   0.194   0.480
 648   1.025   0.140   1.031   0.465   0.179   0.504
 649   1.030   0.167   1.031   0.456   0.190   0.468
 650   1.027   0.140   1.031   0.455   0.187   0.472
 651   1.027   0.167   1.031   0.453   0.191   0.465
 652   1.026   0.143   1.032   0.456   0.185   0.480
 653   1.065   0.168   1.032   0.731   0.191   0.757
 654   1.027   0.141   1.032   0.473   0.189   0.504
 655   1.027   0.168   1.032   0.455   0.188   0.467
 656   1.027   0.141   1.032   0.816   0.179   0.829
 657   1.028   0.169   1.032   0.458   0.192   0.475
 658   1.028   0.140   1.032   0.455   0.185   0.470
 659   1.028   0.169   1.032   0.453   0.191   0.466
 660   1.027   0.143   1.033   0.459   0.186   0.483
 661   1.028   0.168   1.034   0.458   0.189   0.472
 662   1.029   0.143   1.033   0.487   0.190   0.519
 663   1.030   0.168   1.033   0.456   0.189   0.468
 664   1.028   0.140   1.033   0.467   0.175   0.507
 665   1.029   0.170   1.033   0.456   0.191   0.471
 666   1.034   0.143   1.033   0.462   0.188   0.476
 667   1.030   0.168   1.034   0.457   0.188   0.469
 668   1.029   0.143   1.034   0.460   0.186   0.485
 669   1.032   0.167   1.034   0.458   0.189   0.470
 670   1.030   0.144   1.034   0.457   0.189   0.473
 671   1.030   0.167   1.034   0.458   0.192   0.474
 672   1.132   0.141   1.037   1.497   0.176   1.444
 673   1.030   0.167   1.034   0.461   0.191   0.477
 674   1.036   0.141   1.058   0.491   0.201   0.478
 675   1.035   0.166   1.034   0.459   0.192   0.472
 676   1.030   0.144   1.035   0.462   0.186   0.486
 677   1.033   0.167   1.035   0.458   0.192   0.470
 678   1.031   0.141   1.035   0.460   0.185   0.477
 679   1.031   0.167   1.035   0.459   0.191   0.471
 680   1.031   0.142   1.035   0.470   0.182   0.511
 681   1.032   0.168   1.035   0.461   0.193   0.474
 682   1.034   0.141   1.036   0.475   0.186   0.488
 683   1.069   0.168   1.038   0.786   0.187   0.858
 684   1.032   0.141   1.037   0.467   0.186   0.504
 685   1.032   0.167   1.037   0.462   0.193   0.484
 686   1.032   0.143   1.036   0.460   0.191   0.475
 687   1.033   0.168   1.037   0.465   0.195   0.483
 688   1.033   0.140   1.037   0.823   0.179   0.836
 689   1.035   0.167   1.037   0.459   0.191   0.473
 690   1.033   0.140   1.037   0.461   0.189   0.477
 691   1.034   0.168   1.037   0.463   0.192   0.477
 692   1.032   0.143   1.037   0.464   0.186   0.489
 693   1.034   0.169   1.038   0.461   0.192   0.473
 694   1.034   0.141   1.038   0.462   0.190   0.480
 695   1.034   0.168   1.038   0.459   0.193   0.472
 696   1.033   0.142   1.038   0.473   0.180   0.513
 697   1.035   0.168   1.038   0.462   0.190   0.476
 698   1.035   0.140   1.038   0.462   0.190   0.478
 699   1.035   0.168   1.039   0.462   0.192   0.474
 700   1.034   0.143   1.039   0.471   0.183   0.508
 701   1.034   0.167   1.039   0.590   0.192   0.620
 702   1.035   0.144   1.039   0.464   0.190   0.479
 703   1.037   0.167   1.039   0.463   0.193   0.475
 704   1.132   0.141   1.043   1.502   0.180   1.456
 705   1.037   0.167   1.039   0.463   0.192   0.475
 706   1.036   0.142   1.040   0.465   0.189   0.480
 707   1.036   0.166   1.039   0.463   0.192   0.477
 708   1.035   0.143   1.040   0.473   0.187   0.509
 709   1.036   0.168   1.041   0.502   0.192   0.553
 710   1.036   0.141   1.041   0.513   0.189   0.552
 711   1.037   0.167   1.040   0.463   0.193   0.477
 712   1.036   0.140   1.041   0.474   0.180   0.515
 713   1.045   0.167   1.040   0.603   0.191   0.617
 714   1.037   0.140   1.041   0.496   0.185   0.529
 715   1.037   0.167   1.041   0.465   0.192   0.480
 716   1.036   0.141   1.041   0.472   0.186   0.505
 717   1.038   0.169   1.042   0.473   0.193   0.497
 718   1.038   0.141   1.042   0.466   0.190   0.483
 719   1.037   0.168   1.041   0.492   0.193   0.517
 720   1.039   0.141   1.041   0.828   0.181   0.840
 721   1.038   0.169   1.042   0.466   0.193   0.480
 722   1.038   0.140   1.042   0.468   0.187   0.486
 723   1.039   0.169   1.042   0.477   0.192   0.509
 724   1.038   0.143   1.042   0.470   0.187   0.495
 725   1.041   0.168   1.043   0.466   0.195   0.482
 726   1.040   0.141   1.043   0.467   0.188   0.482
 727   1.041   0.168   1.043   0.466   0.195   0.480
 728   1.039   0.142   1.043   0.477   0.180   0.518
 729   1.044   0.168   1.043   0.474   0.193   0.494
 730   1.040   0.142   1.043   0.505   0.191   0.539
 731   1.041   0.168   1.043   0.477   0.192   0.489
 732   1.039   0.141   1.044   0.470   0.189   0.493
 733   1.043   0.167   1.044   0.472   0.192   0.492
 734   1.040   0.141   1.044   0.469   0.187   0.487
 735   1.043   0.167   1.044   0.472   0.193   0.485
 736   1.132   0.143   1.048   1.505   0.181   1.456
 737   1.044   0.167   1.044   0.471   0.192   0.484
 738   1.046   0.142   1.044   0.475   0.191   0.489
 739   1.042   0.168   1.044   0.472   0.195   0.490
 740   1.040   0.141   1.045   0.473   0.189   0.498
 741   1.042   0.167   1.045   0.468   0.193   0.481
 742   1.045   0.141   1.045   0.477   0.191   0.489
 743   1.042   0.167   1.044   0.468   0.193   0.482
 744   1.041   0.140   1.045   0.480   0.182   0.520
 745   1.046   0.167   1.045   0.494   0.194   0.532
 746   1.042   0.142   1.045   0.472   0.189   0.490
 747   1.044   0.167   1.045   0.473   0.193   0.490
 748   1.041   0.141   1.046   0.478   0.187   0.511
 749   1.044   0.167   1.046   0.469   0.193   0.484
 750   1.043   0.141   1.046   0.525   0.188   0.569
 751   1.043   0.169   1.046   0.511   0.193   0.562
 752   1.044   0.140   1.046   0.832   0.180   0.843
 753   1.047   0.168   1.046   0.479   0.192   0.498
 754   1.043   0.141   1.046   0.472   0.189   0.490
 755   1.045   0.169   1.046   0.469   0.193   0.482
 756   1.042   0.141   1.047   0.477   0.187   0.507
 757   1.044   0.168   1.047   0.494   0.193   0.516
 758   1.044   0.141   1.047   0.474   0.190   0.491
 759   1.049   0.168   1.047   0.477   0.193   0.492
 760   1.043   0.142   1.046   0.482   0.182   0.523
 761   1.047   0.169   1.047   0.496   0.193   0.511
 762   1.046   0.141   1.047   0.480   0.188   0.491
 763   1.097   0.168   1.047   0.826   0.193   0.875
 764   1.044   0.141   1.047   0.477   0.187   0.502
 765   1.046   0.167   1.048   0.478   0.193   0.495
 766   1.045   0.141   1.047   0.477   0.190   0.495
 767   1.046   0.166   1.048   0.470   0.191   0.483
 768   1.136   0.144   1.055   3.653   0.181   3.629
 769   1.046   0.169   1.048   0.472   0.194   0.485
 770   1.046   0.141   1.048   0.479   0.186   0.497
 771   1.087   0.167   1.048   0.752   0.193   0.761
 772   1.045   0.141   1.048   0.478   0.187   0.503
 773   1.047   0.167   1.049   0.473   0.193   0.486
 774   1.046   0.141   1.049   0.477   0.190   0.494
 775   1.048   0.167   1.049   0.498   0.194   0.521
 776   1.045   0.141   1.049   0.486   0.180   0.527
 777   1.047   0.168   1.049   0.483   0.193   0.506
 778   1.048   0.141   1.049   0.476   0.189   0.491
 779   1.047   0.167   1.049   0.623   0.193   0.655
 780   1.046   0.141   1.049   0.480   0.187   0.502
 781   1.052   0.168   1.050   0.481   0.193   0.493
 782   1.047   0.141   1.049   0.539   0.190   0.599
 783   1.051   0.168   1.049   0.481   0.193   0.493
 784   1.053   0.141   1.050   0.838   0.180   0.849
 785   1.048   0.167   1.050   0.477   0.192   0.490
 786   1.047   0.141   1.050   0.482   0.189   0.504
 787   1.049   0.168   1.050   0.476   0.193   0.488
 788   1.047   0.141   1.051   0.493   0.187   0.551
 789   1.048   0.168   1.052   0.499   0.193   0.524
 790   1.048   0.141   1.051   0.492   0.190   0.517
 791   1.050   0.168   1.051   0.479   0.194   0.494
 792   1.047   0.141   1.051   0.489   0.180   0.528
 793   1.049   0.169   1.051   0.493   0.192   0.516
 794   1.049   0.141   1.051   0.484   0.188   0.499
 795   1.051   0.168   1.051   0.477   0.192   0.489
 796   1.047   0.141   1.051   0.481   0.187   0.504
 797   1.050   0.168   1.052   0.476   0.193   0.489
 798   1.049   0.142   1.052   0.487   0.190   0.511
 799   1.050   0.167   1.051   0.479   0.193   0.493
 800   1.133   0.142   1.055   1.516   0.181   1.470
 801   1.051   0.167   1.052   0.479   0.192   0.493
 802   1.052   0.141   1.052   0.494   0.189   0.503
 803   1.053   0.167   1.052   0.485   0.192   0.498
 804   1.049   0.141   1.052   0.487   0.187   0.512
 805   1.050   0.167   1.053   0.617   0.193   0.648
 806   1.050   0.142   1.052   0.496   0.190   0.526
 807   1.052   0.167   1.052   0.486   0.193   0.505
 808   1.049   0.141   1.053   0.491   0.180   0.531
 809   1.054   0.167   1.053   0.485   0.192   0.498
 810   1.051   0.141   1.053   0.485   0.189   0.502
 811   1.055   0.167   1.054   0.492   0.193   0.509
 812   1.050   0.142   1.053   0.486   0.187   0.512
 813   1.053   0.167   1.054   0.485   0.193   0.500
 814   1.051   0.142   1.053   0.497   0.190   0.523
 815   1.055   0.168   1.053   0.486   0.193   0.498
 816   1.065   0.142   1.054   0.859   0.182   0.869
 817   1.054   0.169   1.053   0.484   0.194   0.498
 818   1.052   0.143   1.054   0.493   0.191   0.511
 819   1.124   0.169   1.056   0.827   0.194   0.849
 820   1.052   0.143   1.055   0.493   0.189   0.542
 821   1.053   0.168   1.055   0.481   0.194   0.494
 822   1.052   0.144   1.054   0.503   0.192   0.535
 823   1.055   0.168   1.054   0.509   0.195   0.521
 824   1.051   0.143   1.054   0.495   0.182   0.536
 825   1.056   0.168   1.055   0.483   0.194   0.497
 826   1.053   0.143   1.055   0.493   0.191   0.517
 827   1.055   0.168   1.054   0.484   0.194   0.497
 828   1.052   0.144   1.055   0.512   0.188   0.555
 829   1.054   0.168   1.055   0.531   0.195   0.580
 830   1.053   0.144   1.055   0.487   0.192   0.504
 831   1.054   0.168   1.055   0.486   0.195   0.500
 832   1.135   0.143   1.060   1.520   0.183   1.481
 833   1.055   0.168   1.055   0.485   0.193   0.498
 834   1.054   0.143   1.055   0.487   0.191   0.503
 835   1.054   0.168   1.055   0.533   0.193   0.553
 836   1.053   0.143   1.056   0.515   0.188   0.559
 837   1.081   0.168   1.056   0.750   0.195   0.755
 838   1.054   0.144   1.056   0.500   0.192   0.534
 839   1.058   0.169   1.056   0.497   0.194   0.515
 840   1.053   0.143   1.056   0.498   0.181   0.538
 841   1.057   0.168   1.056   0.487   0.193   0.501
 842   1.054   0.143   1.057   0.504   0.190   0.529
 843   1.057   0.168   1.056   0.497   0.194   0.508
 844   1.054   0.143   1.057   0.494   0.188   0.520
 845   1.058   0.168   1.057   0.506   0.194   0.525
 846   1.055   0.144   1.056   0.506   0.191   0.535
 847   1.058   0.168   1.057   0.498   0.195   0.505
 848   1.079   0.142   1.057   0.854   0.181   0.861
 849   1.059   0.169   1.057   0.499   0.193   0.510
 850   1.056   0.143   1.058   0.506   0.190   0.522
 851   1.056   0.168   1.057   0.489   0.194   0.503
 852   1.055   0.143   1.057   0.506   0.188   0.541
 853   1.056   0.168   1.058   0.489   0.194   0.502
 854   1.056   0.143   1.058   0.490   0.191   0.505
 855   1.080   0.168   1.058   0.812   0.194   0.853
 856   1.055   0.143   1.057   0.503   0.182   0.543
 857   1.058   0.169   1.058   0.491   0.194   0.509
 858   1.056   0.143   1.058   0.510   0.189   0.536
 859   1.057   0.168   1.058   0.503   0.194   0.526
 860   1.055   0.143   1.058   0.495   0.188   0.521
 861   1.058   0.168   1.058   0.490   0.194   0.504
 862   1.057   0.144   1.058   0.504   0.190   0.516
 863   1.057   0.168   1.058   0.710   0.195   0.747
 864   1.134   0.143   1.062   1.526   0.182   1.483
 865   1.057   0.168   1.059   0.708   0.193   0.744
 866   1.059   0.143   1.059   0.500   0.190   0.511
 867   1.059   0.168   1.059   0.500   0.193   0.509
 868   1.056   0.143   1.059   0.502   0.188   0.526
 869   1.059   0.168   1.060   0.524   0.194   0.549
 870   1.058   0.144   1.059   0.506   0.191   0.529
 871   1.089   0.168   1.059   0.842   0.194   0.874
 872   1.056   0.143   1.059   0.506   0.181   0.547
 873   1.059   0.168   1.059   0.500   0.193   0.521
 874   1.058   0.143   1.059   0.513   0.189   0.543
 875   1.060   0.168   1.060   0.549   0.194   0.564
 876   1.058   0.143   1.060   0.501   0.187   0.527
 877   1.061   0.169   1.060   0.526   0.194   0.532
 878   1.059   0.144   1.060   0.523   0.191   0.599
 879   1.060   0.168   1.060   0.493   0.195   0.505
 880   1.102   0.142   1.060   0.860   0.181   0.889
 881   1.061   0.169   1.060   0.516   0.193   0.534
 882   1.059   0.143   1.060   0.528   0.190   0.563
 883   1.060   0.168   1.060   0.496   0.193   0.511
 884   1.059   0.143   1.060   0.509   0.187   0.530
 885   1.061   0.168   1.061   0.500   0.194   0.520
 886   1.062   0.143   1.060   0.525   0.191   0.525
 887   1.061   0.168   1.061   0.503   0.194   0.514
 888   1.059   0.143   1.061   0.508   0.181   0.548
 889   1.063   0.168   1.061   0.528   0.193   0.540
 890   1.060   0.143   1.061   0.505   0.190   0.521
 891   1.064   0.168   1.061   0.514   0.193   0.517
 892   1.059   0.143   1.062   0.504   0.188   0.528
 893   1.062   0.168   1.062   0.502   0.194   0.515
 894   1.060   0.144   1.062   0.511   0.191   0.534
 895   1.062   0.168   1.062   0.505   0.194   0.515
 896   1.135   0.143   1.067   2.097   0.182   2.066
 897   1.062   0.168   1.062   0.507   0.193   0.517
 898   1.061   0.143   1.062   0.513   0.190   0.535
 899   1.063   0.168   1.062   0.529   0.193   0.538
 900   1.060   0.143   1.062   0.507   0.188   0.529
 901   1.071   0.168   1.062   0.635   0.193   0.635
 902   1.061   0.144   1.062   0.502   0.190   0.519
 903   1.064   0.168   1.062   0.522   0.194   0.534
 904   1.060   0.142   1.063   0.512   0.181   0.552
 905   1.063   0.168   1.062   0.641   0.193   0.674
 906   1.061   0.143   1.063   0.503   0.189   0.518
 907   1.063   0.168   1.063   0.550   0.194   0.589
 908   1.060   0.143   1.063   0.508   0.188   0.537
 909   1.066   0.168   1.063   0.646   0.194   0.654
 910   1.061   0.143   1.063   0.509   0.190   0.521
 911   1.063   0.168   1.063   0.517   0.194   0.552
 912   1.117   0.142   1.064   0.865   0.181   0.870
 913   1.065   0.169   1.063   0.636   0.193   0.667
 914   1.063   0.143   1.063   0.549   0.189   0.588
 915   1.069   0.169   1.063   0.658   0.193   0.662
 916   1.061   0.143   1.064   0.507   0.187   0.531
 917   1.110   0.168   1.065   0.835   0.194   0.837
 918   1.063   0.143   1.064   0.507   0.191   0.519
 919   1.064   0.168   1.064   0.552   0.194   0.589
 920   1.062   0.142   1.064   0.516   0.181   0.555
 921   1.064   0.169   1.065   0.735   0.193   0.772
 922   1.063   0.143   1.065   0.504   0.190   0.517
 923   1.069   0.168   1.064   0.647   0.194   0.650
 924   1.062   0.143   1.065   0.510   0.188   0.537
 925   1.065   0.168   1.065   0.680   0.194   0.716
 926   1.064   0.144   1.065   0.517   0.191   0.531
 927   1.093   0.168   1.065   0.868   0.194   0.895
 928   1.135   0.143   1.069   1.539   0.182   1.497
 929   1.092   0.168   1.065   0.866   0.192   0.907
 930   1.065   0.142   1.065   0.513   0.189   0.523
 931   1.129   0.167   1.066   0.881   0.194   1.012
 932   1.063   0.143   1.065   0.522   0.187   0.545
 933   1.064   0.168   1.066   0.551   0.193   0.586
 934   1.065   0.143   1.066   0.530   0.190   0.548
 935   1.064   0.168   1.065   0.555   0.194   0.609
 936   1.063   0.142   1.066   0.519   0.181   0.558
 937   1.067   0.168   1.065   0.784   0.193   0.825
 938   1.068   0.143   1.066   0.551   0.189   0.544
 939   1.066   0.168   1.066   0.507   0.193   0.518
 940   1.064   0.143   1.066   0.516   0.187   0.537
 941   1.118   0.168   1.067   0.926   0.193   1.007
 942   1.065   0.143   1.066   0.514   0.191   0.527
 943   1.067   0.168   1.067   0.576   0.194   0.588
 944   1.126   0.142   1.068   0.876   0.181   0.880
 945   1.078   0.169   1.067   0.671   0.193   0.664
 946   1.065   0.143   1.067   0.542   0.190   0.556
 947   1.068   0.168   1.066   0.565   0.193   0.584
 948   1.065   0.143   1.067   0.515   0.187   0.540
 949   1.075   0.174   1.073   0.705   0.194   0.705
 950   1.066   0.143   1.067   0.538   0.190   0.558
 951   1.067   0.168   1.067   0.523   0.194   0.546
 952   1.066   0.142   1.067   0.532   0.181   0.565
 953   1.072   0.168   1.067   0.680   0.193   0.685
 954   1.066   0.143   1.067   0.547   0.190   0.562
 955   1.067   0.168   1.067   0.639   0.194   0.658
 956   1.065   0.143   1.067   0.536   0.187   0.605
 957   1.100   0.168   1.068   0.852   0.193   0.849
 958   1.067   0.144   1.067   0.536   0.190   0.567
 959   1.068   0.168   1.068   0.549   0.194   0.575
 960   1.135   0.144   1.073   1.542   0.182   1.506
 961   1.068   0.168   1.068   0.559   0.193   0.577
 962   1.071   0.142   1.068   0.540   0.190   0.569
 963   1.068   0.167   1.068   0.545   0.193   0.563
 964   1.067   0.143   1.069   0.541   0.187   0.608
 965   1.070   0.168   1.069   0.520   0.194   0.529
 966   1.068   0.143   1.068   0.527   0.190   0.533
 967   1.069   0.168   1.068   0.518   0.194   0.530
 968   1.067   0.142   1.068   0.528   0.181   0.566
 969   1.072   0.168   1.068   0.635   0.192   0.655
 970   1.067   0.142   1.068   0.521   0.189   0.531
 971   1.070   0.168   1.069   0.523   0.193   0.532
 972   1.067   0.143   1.069   0.557   0.187   0.606
 973   1.070   0.168   1.069   0.522   0.194   0.531
 974   1.068   0.143   1.069   0.530   0.190   0.541
 975   1.072   0.168   1.069   0.637   0.194   0.639
 976   1.131   0.142   1.070   0.885   0.180   0.886
 977   1.074   0.169   1.069   0.669   0.193   0.675
 978   1.068   0.143   1.069   0.559   0.190   0.575
 979   1.070   0.168   1.069   0.582   0.193   0.602
 980   1.068   0.143   1.069   0.543   0.187   0.560
 981   1.072   0.168   1.070   0.679   0.193   0.706
 982   1.069   0.143   1.070   0.542   0.190   0.571
 983   1.127   0.168   1.071   0.856   0.194   0.868
 984   1.068   0.142   1.070   0.539   0.181   0.571
 985   1.071   0.169   1.070   0.598   0.192   0.613
 986   1.069   0.143   1.069   0.526   0.190   0.536
 987   1.103   0.168   1.071   0.913   0.193   0.954
 988   1.069   0.143   1.070   0.537   0.187   0.562
 989   1.071   0.168   1.071   0.613   0.194   0.625
 990   1.070   0.143   1.070   0.529   0.191   0.540
 991   1.123   0.168   1.072   0.928   0.194   1.008
 992   1.136   0.143   1.075   1.548   0.182   1.509
 993   1.123   0.168   1.074   0.956   0.193   1.036
 994   1.071   0.142   1.070   0.528   0.189   0.536
 995   1.073   0.168   1.070   0.632   0.193   0.651
 996   1.070   0.143   1.071   0.545   0.187   0.562
 997   1.073   0.168   1.071   0.542   0.194   0.550
 998   1.072   0.143   1.071   0.545   0.190   0.547
 999   1.121   0.168   1.073   0.888   0.194   0.890
1000   1.069   0.142   1.070   0.539   0.181   0.574
1001   1.073   0.168   1.071   0.617   0.192   0.639
1002   1.071   0.142   1.071   0.581   0.188   0.593
1003   1.076   0.168   1.072   0.700   0.193   0.706
1004   1.070   0.143   1.072   0.568   0.187   0.620
1005   1.073   0.168   1.072   0.592   0.193   0.598
1006   1.071   0.143   1.071   0.555   0.189   0.552
1007   1.074   0.168   1.071   0.588   0.193   0.594
1008   1.134   0.142   1.074   0.902   0.181   0.911
1009   1.077   0.168   1.072   0.606   0.193   0.612
1010   1.072   0.143   1.072   0.613   0.190   0.688
1011   1.081   0.168   1.071   0.748   0.192   0.748
1012   1.072   0.143   1.072   0.573   0.186   0.615
1013   1.103   0.167   1.074   0.917   0.193   0.964
1014   1.072   0.143   1.072   0.552   0.190   0.553
1015   1.075   0.168   1.072   0.662   0.193   0.676
1016   1.071   0.143   1.072   0.559   0.181   0.582
1017   1.074   0.169   1.072   0.680   0.192   0.685
1018   1.071   0.143   1.073   0.580   0.189   0.571
1019   1.077   0.167   1.072   0.698   0.192   0.706
1020   1.071   0.144   1.074   0.564   0.187   0.590
1021   1.101   0.166   1.073   1.099   0.192   1.110
1022   1.119   0.144   1.078   1.265   0.190   1.275
1023   1.115   0.162   1.077   1.048   0.191   1.105
1024   1.152   0.144   1.191   5.917   0.181   5.900
#--- ------- ------- ------- ------- ------- -------
