#  n     IJK     IKJ     JIK     JKI     KIJ     KJI
#--- ------- ------- ------- ------- ------- -------
  16   0.610   0.671   0.610   0.366   0.427   0.244
  17   0.407   0.611   0.305   0.254   0.458   0.153
  18   0.429   0.600   0.429   0.257   0.343   0.171
  19   0.401   0.510   0.437   0.292   0.437   0.146
  20   0.375   0.469   0.375   0.281   0.375   0.187
  21   0.405   0.486   0.378   0.297   0.378   0.162
  22   0.399   0.470   0.376   0.258   0.376   0.188
  23   0.390   0.493   0.370   0.247   0.370   0.164
  24   0.380   0.488   0.398   0.199   0.362   0.127
  25   0.384   0.480   0.384   0.192   0.368   0.128
  26   0.398   0.441   0.398   0.228   0.370   0.142
  27   0.419   0.483   0.406   0.203   0.356   0.152
  28   0.421   0.376   0.410   0.182   0.364   0.159
  29   0.482   0.379   0.410   0.195   0.369   0.164
  30   0.500   0.398   0.435   0.194   0.361   0.148
  31   0.462   0.361   0.436   0.201   0.352   0.151
  32   0.481   0.755   0.427   0.153   0.336   0.122
  33   0.473   0.348   0.445   0.160   0.320   0.132
  34   0.477   0.356   0.433   0.159   0.324   0.127
  35   0.472   0.356   0.431   0.146   0.315   0.146
  36   0.482   0.348   0.434   0.139   0.322   0.134
  37   0.474   0.355   0.429   0.158   0.296   0.138
  38   0.483   0.346   0.437   0.155   0.323   0.137
  39   0.506   0.354   0.447   0.169   0.320   0.139
  40   0.500   0.352   0.453   0.133   0.312   0.117
  41   0.490   0.312   0.461   0.145   0.319   0.134
  42   0.486   0.310   0.459   0.128   0.310   0.121
  43   0.481   0.318   0.462   0.141   0.311   0.126
  44   0.481   0.308   0.464   0.129   0.308   0.129
  45   0.499   0.310   0.497   0.140   0.307   0.129
  46   0.480   0.316   0.470   0.131   0.311   0.131
  47   0.472   0.318   0.472   0.154   0.308   0.144
  48   0.509   0.328   0.475   0.118   0.312   0.111
  49   0.476   0.310   0.476   0.144   0.306   0.144
  50   0.478   0.312   0.476   0.118   0.306   0.120
  51   0.481   0.309   0.479   0.136   0.309   0.128
  52   0.480   0.306   0.478   0.124   0.306   0.123
  53   0.484   0.307   0.482   0.136   0.304   0.124
  54   0.484   0.305   0.484   0.124   0.305   0.124
  55   0.485   0.307   0.487   0.144   0.305   0.138
  56   0.514   0.303   0.488   0.112   0.303   0.112
  57   0.490   0.302   0.490   0.140   0.305   0.140
  58   0.514   0.302   0.488   0.118   0.304   0.118
  59   0.492   0.341   0.542   0.140   0.341   0.131
  60   0.531   0.382   0.515   0.122   0.306   0.120
  61   0.518   0.304   0.493   0.141   0.307   0.132
  62   0.495   0.304   0.495   0.125   0.307   0.123
  63   0.523   0.378   0.521   0.137   0.303   0.127
  64   0.543   0.567   0.534   0.111   0.354   0.111
  65   0.551   0.388   0.571   0.144   0.302   0.144
  66   0.561   0.303   0.530   0.116   0.303   0.116
  67   0.544   0.303   0.538   0.140   0.302   0.137
  68   0.585   0.372   0.572   0.118   0.302   0.121
  69   0.588   0.302   0.584   0.142   0.301   0.142
  70   0.595   0.358   0.619   0.144   0.302   0.123
  71   0.603   0.369   0.573   0.139   0.301   0.136
  72   0.582   0.303   0.580   0.113   0.303   0.114
  73   0.628   0.366   0.612   0.133   0.301   0.132
  74   0.627   0.301   0.616   0.118   0.299   0.118
  75   0.634   0.354   0.626   0.135   0.299   0.137
  76   0.644   0.364   0.609   0.119   0.360   0.121
  77   0.622   0.299   0.617   0.142   0.310   0.134
  78   0.657   0.348   0.648   0.123   0.300   0.124
  79   0.668   0.300   0.653   0.145   0.298   0.138
  80   0.662   0.356   0.653   0.111   0.358   0.115
  81   0.665   0.352   0.628   0.136   0.300   0.140
  82   0.651   0.357   0.629   0.114   0.370   0.120
  83   0.666   0.345   0.655   0.136   0.297   0.134
  84   0.666   0.299   0.657   0.118   0.298   0.121
  85   0.671   0.350   0.655   0.137   0.352   0.127
  86   0.669   0.349   0.630   0.119   0.298   0.125
  87   0.647   0.370   0.634   0.138   0.351   0.137
  88   0.669   0.342   0.657   0.111   0.298   0.116
  89   0.685   0.303   0.660   0.143   0.298   0.138
  90   0.671   0.346   0.660   0.115   0.349   0.119
  91   0.679   0.349   0.638   0.137   0.299   0.137
  92   0.650   0.352   0.639   0.117   0.350   0.122
  93   0.686   0.346   0.660   0.131   0.348   0.130
  94   0.673   0.297   0.663   0.120   0.296   0.124
  95   0.679   0.341   0.662   0.141   0.344   0.136
  96   0.680   0.587   0.664   0.112   0.378   0.117
  97   0.677   0.342   0.645   0.133   0.296   0.137
  98   0.654   0.297   0.647   0.115   0.296   0.119
  99   0.678   0.296   0.645   0.135   0.295   0.134
 100   0.684   0.300   0.663   0.117   0.295   0.124
 101   0.676   0.296   0.671   0.140   0.295   0.133
 102   0.683   0.338   0.665   0.119   0.335   0.128
 103   0.681   0.339   0.666   0.144   0.336   0.146
 104   0.676   0.342   0.669   0.112   0.337   0.117
 105   0.692   0.341   0.670   0.143   0.338   0.142
 106   0.683   0.339   0.666   0.115   0.337   0.121
 107   0.681   0.339   0.666   0.139   0.336   0.139
 108   0.687   0.342   0.668   0.117   0.338   0.127
 109   0.682   0.341   0.669   0.139   0.339   0.139
 110   0.679   0.340   0.669   0.119   0.338   0.124
 111   0.680   0.339   0.669   0.138   0.338   0.137
 112   0.679   0.345   0.672   0.113   0.344   0.117
 113   0.687   0.340   0.669   0.132   0.337   0.132
 114   0.690   0.342   0.677   0.116   0.342   0.132
 115   0.686   0.343   0.671   0.144   0.339   0.146
 116   0.689   0.343   0.672   0.117   0.340   0.133
 117   0.697   0.342   0.680   0.144   0.340   0.150
 118   0.692   0.341   0.673   0.119   0.338   0.133
 119   0.693   0.341   0.675   0.140   0.337   0.143
 120   0.694   0.347   0.677   0.113   0.342   0.124
 121   0.695   0.343   0.678   0.143   0.340   0.146
 122   0.693   0.344   0.678   0.117   0.340   0.142
 123   0.695   0.341   0.677   0.143   0.340   0.154
 124   0.698   0.343   0.678   0.122   0.344   0.152
 125   0.694   0.342   0.676   0.141   0.340   0.171
 126   0.701   0.344   0.683   0.125   0.344   0.195
 127   0.696   0.344   0.680   0.139   0.343   0.194
 128   0.795   0.817   0.884   0.121   0.803   0.131
 129   0.696   0.343   0.681   0.154   0.343   0.194
 130   0.700   0.344   0.684   0.132   0.346   0.191
 131   0.693   0.343   0.682   0.156   0.343   0.188
 132   0.699   0.345   0.685   0.138   0.351   0.180
 133   0.695   0.345   0.684   0.162   0.344   0.186
 134   0.694   0.345   0.687   0.143   0.348   0.189
 135   0.696   0.343   0.684   0.169   0.343   0.196
 136   0.693   0.353   0.683   0.140   0.379   0.177
 137   0.691   0.343   0.684   0.164   0.342   0.186
 138   0.695   0.343   0.689   0.141   0.348   0.183
 139   0.697   0.344   0.686   0.166   0.343   0.187
 140   0.695   0.345   0.685   0.143   0.365   0.182
 141   0.695   0.341   0.686   0.166   0.341   0.188
 142   0.694   0.341   0.688   0.144   0.350   0.185
 143   0.694   0.341   0.686   0.166   0.340   0.188
 144   0.695   0.366   0.686   0.140   0.384   0.175
 145   0.695   0.342   0.687   0.162   0.342   0.181
 146   0.697   0.342   0.696   0.141   0.349   0.180
 147   0.695   0.339   0.688   0.174   0.340   0.190
 148   0.697   0.342   0.689   0.143   0.366   0.181
 149   0.698   0.339   0.694   0.170   0.339   0.188
 150   0.696   0.339   0.692   0.143   0.346   0.183
 151   0.696   0.340   0.692   0.167   0.339   0.189
 152   0.695   0.353   0.691   0.140   0.380   0.175
 153   0.696   0.337   0.691   0.169   0.339   0.184
 154   0.698   0.337   0.698   0.141   0.345   0.179
 155   0.698   0.337   0.695   0.166   0.337   0.185
 156   0.698   0.340   0.697   0.142   0.364   0.181
 157   0.698   0.338   0.697   0.165   0.338   0.187
 158   0.698   0.336   0.699   0.143   0.346   0.183
 159   0.698   0.335   0.697   0.164   0.337   0.188
 160   0.700   0.622   0.698   0.140   0.512   0.176
 161   0.699   0.335   0.698   0.163   0.335   0.184
 162   0.699   0.335   0.700   0.140   0.342   0.179
 163   0.700   0.336   0.701   0.163   0.336   0.185
 164   0.703   0.341   0.706   0.143   0.368   0.182
 165   0.702   0.334   0.701   0.163   0.335   0.186
 166   0.704   0.334   0.710   0.143   0.345   0.182
 167   0.702   0.333   0.701   0.166   0.334   0.189
 168   0.705   0.354   0.702   0.139   0.379   0.175
 169   0.709   0.334   0.702   0.162   0.335   0.182
 170   0.708   0.334   0.707   0.140   0.342   0.179
 171   0.714   0.333   0.706   0.171   0.339   0.195
 172   0.714   0.338   0.705   0.141   0.363   0.180
 173   0.720   0.332   0.707   0.168   0.333   0.186
 174   0.716   0.333   0.706   0.143   0.340   0.187
 175   0.719   0.333   0.708   0.169   0.333   0.187
 176   0.726   0.368   0.706   0.139   0.388   0.175
 177   0.731   0.332   0.713   0.166   0.335   0.188
 178   0.732   0.335   0.738   0.141   0.345   0.179
 179   0.728   0.331   0.717   0.167   0.332   0.188
 180   0.733   0.338   0.712   0.141   0.364   0.179
 181   0.734   0.332   0.723   0.170   0.333   0.192
 182   0.744   0.334   0.733   0.143   0.343   0.181
 183   0.734   0.331   0.727   0.167   0.334   0.192
 184   0.737   0.355   0.724   0.138   0.390   0.179
 185   0.741   0.331   0.731   0.169   0.332   0.182
 186   0.743   0.336   0.751   0.141   0.344   0.179
 187   0.742   0.332   0.736   0.166   0.333   0.188
 188   0.746   0.337   0.731   0.141   0.373   0.183
 189   0.756   0.330   0.742   0.163   0.332   0.184
 190   0.755   0.331   0.738   0.142   0.339   0.185
 191   0.749   0.331   0.745   0.164   0.330   0.185
 192   0.761   0.718   0.753   0.139   0.635   0.175
 193   0.759   0.331   0.748   0.163   0.335   0.187
 194   0.762   0.331   0.749   0.139   0.349   0.182
 195   0.770   0.417   0.885   0.163   0.415   0.184
 196   0.762   0.335   0.747   0.140   0.372   0.183
 197   0.770   0.330   0.757   0.163   0.329   0.184
 198   0.768   0.330   0.754   0.142   0.347   0.185
 199   0.768   0.330   0.762   0.164   0.331   0.190
 200   0.772   0.356   0.760   0.139   0.384   0.175
 201   0.776   0.327   0.764   0.162   0.329   0.181
 202   0.775   0.328   0.763   0.139   0.337   0.182
 203   0.777   0.328   0.767   0.163   0.334   0.187
 204   0.778   0.336   0.763   0.140   0.362   0.178
 205   0.792   0.475   0.825   0.171   0.508   0.189
 206   0.781   0.328   0.770   0.141   0.346   0.185
 207   0.782   0.326   0.775   0.167   0.328   0.190
 208   0.792   0.366   0.771   0.138   0.388   0.174
 209   0.792   0.334   0.779   0.165   0.341   0.187
 210   0.797   0.330   0.799   0.140   0.347   0.183
 211   0.791   0.328   0.783   0.168   0.330   0.188
 212   0.796   0.334   0.777   0.140   0.368   0.178
 213   0.799   0.325   0.786   0.168   0.333   0.189
 214   0.800   0.326   0.783   0.142   0.346   0.184
 215   0.795   0.326   0.790   0.166   0.333   0.190
 216   0.798   0.353   0.785   0.139   0.386   0.179
 217   0.806   0.326   0.792   0.168   0.333   0.186
 218   0.803   0.326   0.792   0.140   0.344   0.181
 219   0.803   0.324   0.795   0.165   0.326   0.187
 220   0.808   0.332   0.790   0.141   0.373   0.182
 221   0.812   0.325   0.800   0.165   0.334   0.189
 222   0.809   0.325   0.797   0.141   0.343   0.184
 223   0.809   0.325   0.802   0.164   0.332   0.189
 224   0.816   0.624   0.798   0.139   0.561   0.175
 225   0.817   0.323   0.804   0.162   0.326   0.186
 226   0.814   0.324   0.804   0.139   0.343   0.181
 227   0.814   0.324   0.808   0.162   0.329   0.187
 228   0.820   0.332   0.804   0.141   0.380   0.183
 229   0.820   0.325   0.811   0.163   0.335   0.188
 230   0.818   0.324   0.808   0.142   0.343   0.183
 231   0.821   0.322   0.814   0.164   0.333   0.189
 232   0.822   0.352   0.811   0.138   0.387   0.178
 233   0.827   0.322   0.816   0.163   0.332   0.186
 234   0.831   0.327   0.836   0.139   0.344   0.182
 235   0.831   0.325   0.825   0.164   0.335   0.187
 236   0.828   0.330   0.814   0.141   0.370   0.182
 237   0.833   0.322   0.822   0.164   0.329   0.188
 238   0.832   0.322   0.819   0.141   0.341   0.183
 239   0.833   0.324   0.825   0.167   0.331   0.189
 240   0.839   0.363   0.821   0.139   0.384   0.175
 241   0.845   0.472   0.959   0.165   0.621   0.182
 242   0.838   0.323   0.826   0.140   0.343   0.181
 243   0.840   0.325   0.830   0.165   0.340   0.187
 244   0.839   0.329   0.825   0.140   0.363   0.176
 245   0.841   0.323   0.832   0.167   0.330   0.187
 246   0.841   0.325   0.830   0.141   0.340   0.183
 247   0.841   0.323   0.836   0.165   0.332   0.188
 248   0.844   0.350   0.832   0.140   0.385   0.180
 249   0.849   0.320   0.837   0.166   0.330   0.185
 250   0.845   0.320   0.836   0.140   0.341   0.180
 251   0.846   0.320   0.839   0.165   0.330   0.186
 252   0.851   0.329   0.835   0.140   0.362   0.176
 253   0.853   0.322   0.838   0.161   0.334   0.187
 254   0.851   0.324   0.837   0.142   0.341   0.184
 255   0.850   0.321   0.840   0.158   0.335   0.185
 256   0.916   3.832   1.140   0.140   3.809   0.173
 257   0.855   0.323   0.846   0.169   0.330   0.192
 258   0.856   0.320   0.846   0.140   0.340   0.182
 259   0.858   0.324   0.849   0.165   0.330   0.189
 260   0.859   0.327   0.844   0.141   0.363   0.179
 261   0.863   0.320   0.852   0.167   0.329   0.188
 262   0.861   0.323   0.849   0.142   0.340   0.182
 263   0.860   0.319   0.854   0.165   0.328   0.189
 264   0.861   0.350   0.851   0.140   0.383   0.179
 265   0.867   0.320   0.856   0.163   0.329   0.186
 266   0.865   0.323   0.855   0.141   0.344   0.180
 267   0.867   0.322   0.862   0.164   0.329   0.186
 268   0.867   0.327   0.854   0.141   0.369   0.181
 269   0.868   0.320   0.860   0.164   0.327   0.187
 270   0.868   0.320   0.858   0.142   0.340   0.182
 271   0.870   0.323   0.863   0.167   0.328   0.187
 272   0.874   0.361   0.860   0.140   0.394   0.178
 273   0.880   0.491   1.033   0.164   0.489   0.181
 274   0.873   0.319   0.863   0.140   0.339   0.180
 275   0.872   0.321   0.866   0.167   0.327   0.186
 276   0.876   0.326   0.862   0.140   0.363   0.176
 277   0.877   0.324   0.869   0.168   0.328   0.187
 278   0.876   0.323   0.865   0.142   0.340   0.182
 279   0.876   0.320   0.871   0.164   0.326   0.186
 280   0.878   0.348   0.867   0.140   0.383   0.178
 281   0.882   0.320   0.871   0.168   0.326   0.186
 282   0.880   0.320   0.871   0.141   0.340   0.180
 283   0.879   0.322   0.874   0.167   0.327   0.186
 284   0.883   0.329   0.871   0.141   0.369   0.181
 285   0.884   0.321   0.876   0.166   0.326   0.186
 286   0.883   0.320   0.873   0.142   0.339   0.181
 287   0.884   0.320   0.878   0.165   0.325   0.188
 288   0.889   0.728   0.875   0.140   0.687   0.176
 289   0.889   0.322   0.879   0.164   0.326   0.185
 290   0.888   0.322   0.879   0.141   0.340   0.180
 291   0.888   0.321   0.881   0.164   0.325   0.186
 292   0.889   0.330   0.878   0.141   0.369   0.181
 293   0.893   0.320   0.884   0.164   0.331   0.188
 294   0.890   0.322   0.881   0.142   0.339   0.182
 295   0.891   0.321   0.885   0.164   0.326   0.187
 296   0.893   0.349   0.882   0.140   0.383   0.178
 297   0.896   0.321   0.886   0.164   0.324   0.185
 298   0.894   0.318   0.885   0.140   0.338   0.180
 299   0.896   0.321   0.888   0.165   0.324   0.186
 300   0.896   0.327   0.886   0.141   0.367   0.180
 301   0.899   0.322   0.890   0.165   0.325   0.185
 302   0.898   0.320   0.888   0.142   0.338   0.185
 303   0.898   0.320   0.893   0.168   0.324   0.188
 304   0.902   0.359   0.889   0.140   0.382   0.176
 305   0.902   0.415   0.933   0.166   0.422   0.185
 306   0.902   0.320   0.895   0.140   0.339   0.180
 307   0.903   0.322   0.895   0.166   0.325   0.184
 308   0.904   0.325   0.891   0.141   0.367   0.180
 309   0.905   0.319   0.897   0.168   0.324   0.186
 310   0.904   0.318   0.894   0.141   0.337   0.181
 311   0.904   0.320   0.898   0.167   0.323   0.187
 312   0.906   0.346   0.895   0.140   0.370   0.176
 313   0.908   0.320   0.899   0.168   0.324   0.185
 314   0.907   0.321   0.899   0.141   0.338   0.180
 315   0.913   0.502   1.063   0.166   0.499   0.185
 316   0.909   0.325   0.898   0.141   0.366   0.181
 317   0.912   0.320   0.903   0.166   0.323   0.187
 318   0.911   0.318   0.900   0.142   0.338   0.181
 319   0.910   0.319   0.905   0.165   0.323   0.187
 320   0.919   1.337   1.121   0.141   1.270   0.178
 321   0.914   0.318   0.905   0.164   0.322   0.185
 322   0.913   0.318   0.905   0.140   0.337   0.180
 323   0.912   0.319   0.907   0.165   0.321   0.185
 324   0.914   0.328   0.904   0.141   0.365   0.180
 325   0.918   0.321   0.909   0.165   0.323   0.186
 326   0.915   0.319   0.906   0.142   0.338   0.181
 327   0.916   0.318   0.911   0.165   0.322   0.187
 328   0.918   0.344   0.909   0.140   0.370   0.177
 329   0.919   0.319   0.911   0.164   0.321   0.185
 330   0.917   0.320   0.910   0.141   0.338   0.180
 331   0.920   0.320   0.913   0.165   0.324   0.185
 332   0.921   0.328   0.910   0.141   0.365   0.180
 333   0.923   0.319   0.914   0.167   0.321   0.186
 334   0.921   0.319   0.911   0.142   0.337   0.181
 335   0.921   0.319   0.916   0.168   0.321   0.187
 336   0.925   0.363   0.913   0.140   0.390   0.178
 337   0.926   0.334   0.923   0.166   0.344   0.184
 338   0.923   0.319   0.917   0.141   0.338   0.179
 339   0.924   0.318   0.918   0.168   0.321   0.184
 340   0.925   0.325   0.916   0.141   0.365   0.180
 341   0.947   0.555   1.078   0.164   0.607   0.182
 342   0.927   0.321   0.918   0.142   0.349   0.182
 343   0.926   0.319   0.921   0.169   0.322   0.191
 344   0.928   0.344   0.918   0.140   0.369   0.177
 345   0.929   0.318   0.921   0.169   0.320   0.185
 346   0.928   0.319   0.921   0.141   0.336   0.179
 347   0.929   0.318   0.924   0.168   0.320   0.186
 348   0.930   0.327   0.921   0.141   0.365   0.180
 349   0.932   0.319   0.925   0.166   0.321   0.186
 350   0.932   0.318   0.922   0.142   0.337   0.181
 351   0.932   0.318   0.929   0.166   0.320   0.187
 352   0.934   0.815   0.925   0.141   0.775   0.178
 353   0.935   0.317   0.930   0.164   0.320   0.185
 354   0.932   0.322   0.926   0.141   0.353   0.179
 355   0.935   0.393   0.929   0.165   0.414   0.185
 356   0.938   0.326   0.929   0.142   0.365   0.180
 357   0.938   0.318   0.930   0.165   0.321   0.186
 358   0.936   0.317   0.927   0.142   0.332   0.181
 359   0.936   0.318   0.931   0.167   0.319   0.187
 360   0.938   0.349   0.928   0.141   0.378   0.178
 361   0.939   0.318   0.933   0.166   0.320   0.185
 362   0.938   0.319   0.931   0.141   0.336   0.180
 363   0.939   0.318   0.933   0.167   0.319   0.186
 364   0.939   0.327   0.930   0.142   0.363   0.180
 365   0.942   0.318   0.934   0.167   0.321   0.185
 366   0.939   0.318   0.932   0.142   0.337   0.181
 367   0.940   0.318   0.936   0.168   0.319   0.186
 368   0.943   0.363   0.933   0.140   0.390   0.178
 369   0.944   0.317   0.938   0.168   0.319   0.184
 370   0.942   0.317   0.935   0.141   0.335   0.180
 371   0.944   0.317   0.938   0.169   0.318   0.186
 372   0.944   0.327   0.935   0.142   0.364   0.181
 373   0.946   0.318   0.939   0.169   0.321   0.187
 374   0.946   0.318   0.937   0.142   0.338   0.181
 375   0.945   0.427   0.941   0.168   0.450   0.186
 376   0.947   0.349   0.937   0.140   0.377   0.178
 377   0.948   0.317   0.940   0.170   0.318   0.185
 378   0.946   0.317   0.940   0.141   0.336   0.179
 379   0.947   0.317   0.943   0.168   0.319   0.185
 380   0.949   0.327   0.939   0.141   0.363   0.180
 381   0.951   0.481   1.020   0.167   0.485   0.185
 382   0.950   0.316   0.941   0.142   0.335   0.181
 383   0.949   0.316   0.944   0.165   0.317   0.186
 384   0.958   2.105   1.126   0.141   2.049   0.177
 385   0.953   0.317   0.944   0.167   0.318   0.185
 386   0.951   0.317   0.944   0.141   0.336   0.180
 387   0.952   0.316   0.947   0.166   0.318   0.185
 388   0.953   0.327   0.943   0.141   0.363   0.180
 389   0.955   0.316   0.948   0.166   0.317   0.186
 390   0.956   0.324   0.956   0.142   0.339   0.181
 391   0.953   0.317   0.949   0.166   0.322   0.187
 392   0.955   0.345   0.946   0.140   0.367   0.178
 393   0.956   0.316   0.949   0.166   0.317   0.185
 394   0.955   0.317   0.948   0.141   0.350   0.179
 395   0.956   0.316   0.950   0.166   0.317   0.185
 396   0.956   0.327   0.947   0.141   0.363   0.180
 397   0.958   0.317   0.951   0.167   0.318   0.185
 398   0.957   0.317   0.949   0.142   0.336   0.180
 399   0.957   0.316   0.952   0.168   0.319   0.186
 400   0.959   0.363   0.950   0.140   0.389   0.178
 401   0.960   0.316   0.952   0.168   0.316   0.184
 402   0.958   0.317   0.952   0.141   0.336   0.179
 403   0.959   0.317   0.953   0.169   0.318   0.185
 404   0.960   0.326   0.952   0.141   0.363   0.180
 405   0.962   0.315   0.955   0.170   0.316   0.185
 406   0.960   0.316   0.953   0.142   0.335   0.181
 407   0.960   0.315   0.955   0.169   0.316   0.186
 408   0.962   0.348   0.953   0.140   0.375   0.177
 409   0.964   0.316   0.959   0.171   0.318   0.185
 410   0.962   0.324   0.958   0.141   0.381   0.180
 411   0.962   0.315   0.957   0.169   0.317   0.185
 412   0.963   0.326   0.955   0.141   0.362   0.179
 413   0.965   0.315   0.958   0.167   0.315   0.185
 414   0.964   0.316   0.956   0.142   0.339   0.180
 415   0.964   0.316   0.959   0.167   0.317   0.186
 416   0.966   0.821   1.004   0.141   0.788   0.178
 417   0.967   0.315   0.959   0.167   0.316   0.184
 418   0.966   0.345   0.959   0.141   0.382   0.179
 419   0.967   0.315   0.960   0.167   0.318   0.185
 420   0.967   0.327   0.958   0.141   0.362   0.179
 421   0.969   0.316   0.962   0.166   0.316   0.185
 422   0.968   0.316   0.960   0.142   0.336   0.180
 423   0.967   0.315   0.963   0.167   0.317   0.186
 424   0.969   0.348   0.960   0.140   0.376   0.178
 425   0.970   0.315   0.965   0.167   0.315   0.184
 426   0.968   0.316   0.962   0.141   0.340   0.179
 427   0.970   0.315   0.964   0.167   0.316   0.185
 428   0.970   0.328   0.962   0.141   0.369   0.179
 429   0.972   0.314   0.966   0.168   0.315   0.185
 430   0.971   0.315   0.963   0.142   0.334   0.180
 431   0.973   0.316   0.970   0.169   0.316   0.186
 432   0.973   0.366   0.964   0.141   0.389   0.178
 433   0.974   0.315   0.966   0.168   0.316   0.184
 434   0.972   0.315   0.966   0.141   0.335   0.179
 435   0.973   0.314   0.967   0.169   0.316   0.184
 436   0.974   0.325   0.966   0.141   0.361   0.179
 437   0.975   0.314   0.969   0.169   0.315   0.185
 438   0.975   0.315   0.967   0.142   0.335   0.180
 439   0.974   0.331   0.970   0.170   0.380   0.187
 440   0.976   0.349   0.967   0.140   0.376   0.178
 441   0.977   0.314   0.971   0.170   0.316   0.185
 442   0.976   0.315   0.970   0.140   0.334   0.179
 443   0.976   0.314   0.971   0.169   0.315   0.185
 444   0.977   0.326   0.968   0.141   0.362   0.179
 445   0.978   0.315   0.972   0.167   0.316   0.185
 446   0.978   0.315   0.970   0.141   0.334   0.180
 447   0.977   0.314   0.972   0.166   0.315   0.186
 448   0.983   1.352   1.128   0.141   1.306   0.179
 449   0.980   0.314   0.972   0.167   0.314   0.184
 450   0.978   0.315   0.972   0.141   0.335   0.179
 451   0.979   0.314   0.973   0.167   0.315   0.185
 452   0.979   0.325   0.972   0.141   0.362   0.179
 453   0.982   0.313   0.975   0.167   0.314   0.185
 454   0.980   0.314   0.973   0.142   0.334   0.180
 455   0.983   0.594   1.103   0.168   0.680   0.186
 456   0.982   0.348   0.973   0.140   0.374   0.178
 457   0.983   0.314   0.976   0.167   0.319   0.184
 458   0.981   0.314   0.975   0.141   0.334   0.179
 459   0.982   0.315   0.984   0.167   0.319   0.184
 460   0.983   0.325   0.975   0.141   0.361   0.179
 461   0.985   0.313   0.978   0.168   0.313   0.185
 462   0.983   0.314   0.976   0.141   0.335   0.180
 463   0.983   0.314   0.981   0.168   0.315   0.186
 464   0.985   0.368   0.976   0.140   0.389   0.178
 465   0.986   0.313   0.979   0.168   0.314   0.184
 466   0.985   0.314   0.978   0.140   0.333   0.179
 467   0.985   0.313   0.980   0.169   0.314   0.185
 468   0.985   0.325   0.977   0.141   0.360   0.179
 469   0.988   0.314   0.983   0.169   0.315   0.185
 470   0.986   0.319   0.987   0.141   0.338   0.180
 471   0.986   0.313   0.981   0.168   0.314   0.186
 472   0.988   0.346   0.979   0.140   0.365   0.178
 473   0.988   0.313   0.982   0.170   0.317   0.185
 474   0.987   0.314   0.981   0.140   0.334   0.179
 475   0.988   0.313   0.982   0.169   0.315   0.185
 476   0.989   0.324   0.981   0.141   0.361   0.180
 477   0.990   0.313   0.985   0.167   0.314   0.185
 478   0.989   0.314   0.981   0.141   0.351   0.180
 479   0.989   0.313   0.984   0.167   0.314   0.186
 480   0.990   0.829   1.085   0.144   0.799   0.177
 481   0.991   0.313   0.985   0.167   0.315   0.185
 482   0.993   0.336   0.987   0.141   0.413   0.179
 483   0.991   0.313   0.990   0.166   0.314   0.185
 484   0.991   0.324   0.983   0.141   0.361   0.182
 485   0.992   0.317   0.992   0.166   0.318   0.185
 486   0.991   0.348   0.984   0.141   0.386   0.180
 487   0.991   0.313   0.987   0.167   0.314   0.186
 488   0.993   0.347   0.984   0.140   0.374   0.178
 489   0.994   0.312   0.987   0.167   0.313   0.184
 490   0.992   0.313   0.986   0.140   0.334   0.179
 491   0.993   0.312   0.989   0.167   0.313   0.184
 492   0.993   0.324   0.985   0.141   0.360   0.179
 493   0.995   0.316   0.995   0.167   0.319   0.184
 494   0.994   0.313   0.986   0.141   0.334   0.180
 495   0.993   0.312   0.990   0.168   0.312   0.185
 496   0.995   0.369   0.987   0.140   0.385   0.178
 497   0.996   0.312   0.989   0.168   0.312   0.184
 498   0.994   0.313   0.989   0.144   0.335   0.179
 499   0.995   0.313   0.990   0.169   0.313   0.184
 500   0.996   0.324   0.988   0.141   0.360   0.179
 501   0.997   0.312   0.991   0.169   0.313   0.185
 502   0.996   0.313   0.990   0.141   0.339   0.180
 503   0.996   0.535   1.054   0.168   0.539   0.185
 504   0.998   0.347   0.989   0.143   0.373   0.177
 505   0.998   0.531   1.010   0.168   0.561   0.184
 506   0.997   0.336   0.991   0.141   0.376   0.179
 507   0.998   0.312   0.992   0.167   0.314   0.184
 508   0.998   0.324   0.991   0.141   0.360   0.182
 509   1.000   0.313   0.996   0.165   0.321   0.184
 510   0.998   0.315   0.995   0.142   0.335   0.180
 511   0.999   0.315   0.997   0.160   0.327   0.182
 512   1.112   4.763   1.152   0.144   4.737   0.178
 513   1.001   0.314   0.994   0.174   0.337   0.190
 514   0.999   0.318   0.993   0.141   0.341   0.180
 515   1.000   0.318   0.994   0.169   0.327   0.187
 516   1.000   0.330   0.993   0.141   0.363   0.180
 517   1.002   0.323   0.995   0.170   0.327   0.187
 518   1.001   0.324   0.994   0.141   0.347   0.181
 519   1.001   0.327   0.999   0.168   0.329   0.187
 520   1.003   0.360   0.994   0.143   0.388   0.178
 521   1.002   0.331   0.996   0.169   0.343   0.186
 522   1.001   0.338   1.003   0.140   0.356   0.180
 523   1.002   0.332   0.997   0.169   0.336   0.186
 524   1.003   0.346   0.996   0.141   0.396   0.183
 525   1.004   0.333   0.998   0.169   0.336   0.187
 526   1.003   0.334   0.996   0.141   0.356   0.182
 527   1.003   0.335   0.998   0.168   0.338   0.187
 528   1.005   0.477   0.996   0.140   0.490   0.180
 529   1.006   0.338   0.998   0.168   0.342   0.189
 530   1.004   0.342   0.999   0.140   0.362   0.181
 531   1.004   0.636   1.086   0.168   0.780   0.186
 532   1.005   0.356   0.998   0.141   0.400   0.181
 533   1.007   0.344   1.002   0.169   0.347   0.187
 534   1.005   0.348   1.000   0.141   0.368   0.183
 535   1.005   0.348   1.003   0.168   0.353   0.187
 536   1.007   0.379   0.999   0.140   0.410   0.178
 537   1.008   0.350   1.001   0.170   0.354   0.187
 538   1.006   0.353   1.002   0.143   0.372   0.182
 539   1.006   0.639   1.098   0.168   0.831   0.187
 540   1.007   0.364   1.000   0.141   0.398   0.182
 541   1.008   0.628   1.053   0.168   0.694   0.188
 542   1.007   0.358   1.002   0.141   0.378   0.183
 543   1.007   0.358   1.002   0.167   0.362   0.188
 544   1.011   1.159   1.123   0.144   1.110   0.180
 545   1.009   0.360   1.003   0.168   0.365   0.187
 546   1.010   0.370   1.008   0.141   0.385   0.183
 547   1.009   0.364   1.004   0.167   0.370   0.188
 548   1.009   0.373   1.003   0.141   0.407   0.185
 549   1.010   0.366   1.004   0.167   0.372   0.188
 550   1.010   0.368   1.005   0.141   0.387   0.184
 551   1.009   0.369   1.005   0.167   0.374   0.189
 552   1.011   0.395   1.003   0.143   0.427   0.179
 553   1.012   0.373   1.006   0.169   0.382   0.188
 554   1.010   0.374   1.006   0.141   0.397   0.183
 555   1.011   0.374   1.007   0.167   0.380   0.188
 556   1.011   0.381   1.005   0.141   0.414   0.182
 557   1.012   0.375   1.008   0.169   0.382   0.189
 558   1.011   0.377   1.007   0.141   0.395   0.185
 559   1.011   0.379   1.007   0.168   0.391   0.190
 560   1.013   0.637   1.006   0.142   0.658   0.179
 561   1.014   0.379   1.009   0.168   0.386   0.189
 562   1.013   0.380   1.008   0.140   0.399   0.184
 563   1.013   0.380   1.007   0.168   0.386   0.189
 564   1.013   0.393   1.007   0.141   0.435   0.186
 565   1.014   0.688   1.090   0.168   0.809   0.190
 566   1.014   0.385   1.009   0.141   0.404   0.186
 567   1.014   0.384   1.009   0.168   0.391   0.190
 568   1.015   0.407   1.008   0.140   0.442   0.179
 569   1.015   0.412   1.009   0.171   0.487   0.190
 570   1.014   0.388   1.010   0.140   0.407   0.185
 571   1.015   0.388   1.010   0.168   0.396   0.190
 572   1.015   0.398   1.009   0.141   0.435   0.187
 573   1.017   0.390   1.011   0.167   0.397   0.190
 574   1.016   0.390   1.009   0.141   0.410   0.187
 575   1.015   0.390   1.011   0.167   0.400   0.191
 576   1.019   1.431   1.130   0.141   1.377   0.181
 577   1.017   0.393   1.010   0.167   0.403   0.189
 578   1.016   0.395   1.011   0.143   0.415   0.185
 579   1.017   0.394   1.011   0.167   0.403   0.190
 580   1.017   0.405   1.011   0.141   0.442   0.185
 581   1.018   0.418   1.012   0.167   0.438   0.191
 582   1.017   0.400   1.013   0.141   0.420   0.187
 583   1.017   0.432   1.017   0.167   0.448   0.191
 584   1.019   0.420   1.012   0.142   0.458   0.180
 585   1.021   0.695   1.117   0.169   0.741   0.190
 586   1.018   0.405   1.014   0.141   0.433   0.186
 587   1.019   0.404   1.016   0.167   0.414   0.190
 588   1.018   0.413   1.013   0.141   0.441   0.187
 589   1.020   0.409   1.016   0.168   0.420   0.191
 590   1.019   0.410   1.015   0.141   0.428   0.188
 591   1.019   0.411   1.015   0.168   0.422   0.192
 592   1.021   0.738   1.014   0.142   0.751   0.179
 593   1.021   0.412   1.015   0.169   0.427   0.190
 594   1.019   0.415   1.016   0.140   0.432   0.186
 595   1.020   0.415   1.015   0.169   0.425   0.191
 596   1.020   0.423   1.015   0.141   0.452   0.185
 597   1.023   0.417   1.016   0.168   0.427   0.192
 598   1.021   0.419   1.016   0.141   0.439   0.188
 599   1.021   0.419   1.016   0.168   0.432   0.192
 600   1.022   0.436   1.016   0.142   0.475   0.179
 601   1.023   0.423   1.016   0.169   0.435   0.190
 602   1.021   0.424   1.018   0.140   0.441   0.187
 603   1.022   0.425   1.017   0.168   0.436   0.191
 604   1.022   0.429   1.017   0.141   0.457   0.188
 605   1.023   0.425   1.018   0.168   0.436   0.191
 606   1.023   0.430   1.018   0.141   0.446   0.188
 607   1.022   0.432   1.018   0.167   0.448   0.192
 608   1.026   1.469   1.131   0.141   1.411   0.183
 609   1.025   0.434   1.018   0.167   0.449   0.193
 610   1.023   0.440   1.023   0.140   0.453   0.187
 611   1.024   0.433   1.020   0.168   0.444   0.193
 612   1.024   0.439   1.019   0.141   0.464   0.188
 613   1.025   0.459   1.024   0.167   0.474   0.192
 614   1.024   0.438   1.020   0.141   0.455   0.188
 615   1.024   0.442   1.020   0.167   0.462   0.193
 616   1.026   0.452   1.019   0.140   0.492   0.179
 617   1.026   0.438   1.020   0.167   0.451   0.191
 618   1.025   0.443   1.021   0.142   0.459   0.188
 619   1.025   0.444   1.021   0.167   0.456   0.192
 620   1.026   0.447   1.020   0.141   0.473   0.186
 621   1.027   0.446   1.024   0.168   0.458   0.192
 622   1.026   0.454   1.021   0.141   0.482   0.189
 623   1.026   0.445   1.023   0.168   0.458   0.193
 624   1.027   0.800   1.021   0.142   0.813   0.179
 625   1.028   0.449   1.025   0.169   0.462   0.192
 626   1.027   0.451   1.023   0.141   0.466   0.190
 627   1.027   0.453   1.022   0.169   0.470   0.192
 628   1.027   0.453   1.022   0.141   0.477   0.188
 629   1.028   0.449   1.023   0.169   0.462   0.194
 630   1.029   0.457   1.026   0.141   0.470   0.189
 631   1.027   0.451   1.024   0.169   0.464   0.193
 632   1.029   0.462   1.023   0.142   0.504   0.179
 633   1.029   0.708   1.085   0.168   0.710   0.192
 634   1.028   0.458   1.024   0.143   0.483   0.189
 635   1.028   0.451   1.024   0.168   0.464   0.192
 636   1.029   0.456   1.023   0.143   0.480   0.186
 637   1.030   0.454   1.026   0.167   0.466   0.192
 638   1.029   0.455   1.025   0.141   0.473   0.190
 639   1.028   0.454   1.025   0.168   0.469   0.192
 640   1.033   2.106   1.132   0.143   2.066   0.180
 641   1.030   0.453   1.025   0.167   0.467   0.192
 642   1.029   0.455   1.025   0.142   0.473   0.189
 643   1.030   0.479   1.025   0.168   0.503   0.192
 644   1.030   0.457   1.025   0.141   0.482   0.189
 645   1.032   0.454   1.027   0.168   0.467   0.195
 646   1.030   0.454   1.028   0.141   0.469   0.189
 647   1.030   0.458   1.026   0.167   0.480   0.195
 648   1.031   0.465   1.025   0.140   0.505   0.179
 649   1.032   0.456   1.030   0.166   0.468   0.192
 650   1.031   0.455   1.027   0.142   0.472   0.188
 651   1.031   0.454   1.027   0.168   0.466   0.192
 652   1.031   0.457   1.026   0.141   0.480   0.188
 653   1.032   0.731   1.065   0.168   0.758   0.193
 654   1.031   0.473   1.028   0.141   0.505   0.191
 655   1.031   0.455   1.027   0.169   0.467   0.193
 656   1.033   0.816   1.027   0.140   0.829   0.181
 657   1.033   0.459   1.028   0.168   0.474   0.193
 658   1.032   0.455   1.028   0.143   0.470   0.188
 659   1.032   0.454   1.028   0.169   0.466   0.192
 660   1.033   0.459   1.028   0.141   0.483   0.188
 661   1.034   0.458   1.028   0.168   0.472   0.192
 662   1.033   0.487   1.029   0.141   0.520   0.191
 663   1.033   0.456   1.030   0.169   0.468   0.193
 664   1.034   0.467   1.028   0.142   0.508   0.179
 665   1.034   0.456   1.028   0.169   0.471   0.191
 666   1.033   0.462   1.034   0.141   0.476   0.189
 667   1.034   0.457   1.029   0.168   0.469   0.192
 668   1.034   0.461   1.029   0.141   0.485   0.188
 669   1.036   0.458   1.033   0.167   0.471   0.192
 670   1.034   0.457   1.030   0.141   0.473   0.189
 671   1.034   0.459   1.030   0.167   0.475   0.193
 672   1.036   1.496   1.132   0.143   1.443   0.180
 673   1.036   0.461   1.030   0.167   0.477   0.191
 674   1.035   0.465   1.035   0.142   0.478   0.188
 675   1.035   0.459   1.031   0.167   0.472   0.192
 676   1.037   0.468   1.031   0.143   0.486   0.186
 677   1.036   0.458   1.033   0.168   0.470   0.192
 678   1.035   0.461   1.032   0.141   0.477   0.190
 679   1.035   0.459   1.032   0.168   0.471   0.193
 680   1.037   0.471   1.031   0.142   0.511   0.179
 681   1.037   0.461   1.032   0.168   0.474   0.192
 682   1.036   0.475   1.034   0.142   0.488   0.189
 683   1.037   0.786   1.074   0.168   0.858   0.192
 684   1.036   0.467   1.032   0.141   0.505   0.188
 685   1.038   0.462   1.033   0.168   0.484   0.194
 686   1.037   0.461   1.033   0.141   0.476   0.190
 687   1.037   0.466   1.033   0.168   0.483   0.195
 688   1.037   0.824   1.033   0.140   0.836   0.179
 689   1.038   0.460   1.036   0.168   0.473   0.191
 690   1.037   0.462   1.034   0.143   0.477   0.188
 691   1.037   0.463   1.034   0.168   0.476   0.192
 692   1.038   0.465   1.033   0.141   0.489   0.188
 693   1.039   0.461   1.035   0.168   0.474   0.192
 694   1.038   0.462   1.034   0.141   0.480   0.191
 695   1.038   0.459   1.035   0.167   0.472   0.192
 696   1.039   0.473   1.033   0.140   0.513   0.181
 697   1.040   0.462   1.035   0.169   0.476   0.193
 698   1.038   0.462   1.035   0.142   0.478   0.187
 699   1.039   0.462   1.035   0.169   0.474   0.191
 700   1.039   0.471   1.034   0.141   0.508   0.188
 701   1.040   0.590   1.035   0.167   0.620   0.192
 702   1.040   0.465   1.036   0.141   0.480   0.192
 703   1.039   0.463   1.037   0.166   0.475   0.193
 704   1.043   1.499   1.132   0.143   1.454   0.180
 705   1.042   0.463   1.037   0.167   0.475   0.191
 706   1.040   0.465   1.036   0.140   0.480   0.190
 707   1.040   0.463   1.036   0.167   0.477   0.193
 708   1.040   0.473   1.036   0.141   0.509   0.188
 709   1.042   0.502   1.036   0.167   0.553   0.192
 710   1.041   0.513   1.037   0.141   0.552   0.190
 711   1.040   0.464   1.037   0.167   0.477   0.194
 712   1.041   0.475   1.036   0.142   0.515   0.179
 713   1.042   0.603   1.045   0.168   0.617   0.191
 714   1.041   0.496   1.037   0.142   0.529   0.188
 715   1.041   0.465   1.037   0.167   0.480   0.191
 716   1.042   0.472   1.037   0.143   0.505   0.186
 717   1.042   0.473   1.039   0.169   0.497   0.192
 718   1.042   0.466   1.038   0.141   0.483   0.190
 719   1.041   0.492   1.038   0.168   0.517   0.194
 720   1.042   0.839   1.039   0.142   0.863   0.179
 721   1.043   0.466   1.038   0.168   0.480   0.191
 722   1.042   0.468   1.039   0.143   0.485   0.188
 723   1.042   0.478   1.039   0.168   0.509   0.191
 724   1.042   0.470   1.038   0.141   0.495   0.187
 725   1.044   0.467   1.042   0.168   0.482   0.194
 726   1.043   0.467   1.041   0.141   0.482   0.191
 727   1.043   0.466   1.042   0.168   0.479   0.194
 728   1.044   0.478   1.039   0.140   0.518   0.181
 729   1.044   0.474   1.043   0.169   0.494   0.193
 730   1.043   0.505   1.041   0.142   0.539   0.190
 731   1.043   0.478   1.041   0.168   0.489   0.191
 732   1.043   0.470   1.039   0.141   0.493   0.188
 733   1.045   0.472   1.043   0.167   0.492   0.194
 734   1.044   0.469   1.041   0.141   0.487   0.191
 735   1.044   0.472   1.044   0.167   0.485   0.193
 736   1.049   1.506   1.132   0.141   1.456   0.180
 737   1.046   0.472   1.044   0.167   0.484   0.191
 738   1.044   0.476   1.046   0.142   0.489   0.190
 739   1.045   0.472   1.043   0.166   0.490   0.193
 740   1.045   0.474   1.041   0.141   0.498   0.188
 741   1.046   0.468   1.043   0.167   0.482   0.194
 742   1.045   0.477   1.045   0.141   0.489   0.189
 743   1.045   0.468   1.043   0.167   0.482   0.193
 744   1.046   0.480   1.041   0.142   0.520   0.180
 745   1.048   0.494   1.047   0.168   0.532   0.192
 746   1.046   0.472   1.043   0.141   0.490   0.189
 747   1.046   0.473   1.044   0.167   0.490   0.194
 748   1.046   0.478   1.042   0.141   0.512   0.187
 749   1.047   0.469   1.044   0.167   0.484   0.192
 750   1.046   0.525   1.043   0.141   0.569   0.189
 751   1.046   0.511   1.044   0.169   0.562   0.192
 752   1.047   0.832   1.044   0.142   0.843   0.179
 753   1.047   0.479   1.047   0.169   0.497   0.191
 754   1.048   0.472   1.044   0.142   0.490   0.188
 755   1.047   0.469   1.045   0.169   0.482   0.192
 756   1.047   0.478   1.043   0.141   0.507   0.186
 757   1.048   0.494   1.045   0.169   0.516   0.192
 758   1.048   0.475   1.045   0.141   0.491   0.190
 759   1.047   0.478   1.048   0.168   0.492   0.192
 760   1.048   0.482   1.043   0.142   0.523   0.179
 761   1.048   0.497   1.047   0.169   0.511   0.191
 762   1.048   0.480   1.047   0.141   0.491   0.187
 763   1.047   0.823   1.097   0.168   0.874   0.192
 764   1.049   0.477   1.044   0.141   0.502   0.188
 765   1.050   0.478   1.046   0.167   0.495   0.192
 766   1.048   0.477   1.045   0.141   0.495   0.189
 767   1.048   0.470   1.046   0.166   0.483   0.190
 768   1.054   3.648   1.137   0.144   3.625   0.180
 769   1.051   0.472   1.046   0.168   0.485   0.193
 770   1.049   0.479   1.046   0.141   0.497   0.189
 771   1.049   0.756   1.088   0.167   0.761   0.192
 772   1.051   0.478   1.045   0.141   0.503   0.188
 773   1.050   0.473   1.048   0.167   0.486   0.192
 774   1.049   0.478   1.047   0.141   0.494   0.190
 775   1.049   0.499   1.048   0.167   0.520   0.193
 776   1.050   0.486   1.046   0.141   0.527   0.179
 777   1.051   0.483   1.047   0.167   0.506   0.191
 778   1.050   0.476   1.048   0.141   0.491   0.188
 779   1.050   0.623   1.048   0.167   0.654   0.192
 780   1.051   0.480   1.046   0.141   0.502   0.188
 781   1.051   0.482   1.053   0.168   0.493   0.192
 782   1.051   0.539   1.048   0.141   0.599   0.189
 783   1.050   0.481   1.052   0.168   0.493   0.193
 784   1.051   0.856   1.053   0.141   0.873   0.180
 785   1.052   0.477   1.049   0.167   0.490   0.192
 786   1.050   0.482   1.048   0.141   0.504   0.188
 787   1.051   0.476   1.049   0.169   0.488   0.192
 788   1.052   0.494   1.047   0.141   0.551   0.186
 789   1.054   0.499   1.049   0.169   0.524   0.192
 790   1.052   0.492   1.048   0.142   0.517   0.189
 791   1.052   0.479   1.051   0.168   0.494   0.193
 792   1.052   0.489   1.048   0.141   0.529   0.180
 793   1.053   0.493   1.050   0.169   0.516   0.192
 794   1.052   0.484   1.050   0.141   0.500   0.189
 795   1.053   0.477   1.051   0.168   0.489   0.192
 796   1.053   0.481   1.049   0.141   0.504   0.187
 797   1.054   0.476   1.050   0.168   0.489   0.192
 798   1.053   0.487   1.050   0.142   0.511   0.190
 799   1.053   0.479   1.051   0.167   0.493   0.193
 800   1.056   1.515   1.134   0.143   1.469   0.181
 801   1.053   0.479   1.052   0.168   0.493   0.192
 802   1.054   0.494   1.053   0.141   0.503   0.189
 803   1.053   0.485   1.054   0.167   0.498   0.192
 804   1.053   0.487   1.050   0.141   0.512   0.187
 805   1.055   0.617   1.051   0.167   0.648   0.193
 806   1.053   0.497   1.051   0.142   0.526   0.190
 807   1.055   0.486   1.052   0.167   0.504   0.193
 808   1.054   0.491   1.050   0.143   0.532   0.180
 809   1.055   0.485   1.054   0.168   0.498   0.192
 810   1.054   0.485   1.051   0.143   0.502   0.189
 811   1.055   0.492   1.055   0.168   0.509   0.193
 812   1.054   0.486   1.050   0.143   0.512   0.187
 813   1.057   0.485   1.054   0.168   0.500   0.193
 814   1.055   0.497   1.052   0.144   0.523   0.190
 815   1.055   0.486   1.056   0.169   0.498   0.193
 816   1.055   0.883   1.064   0.143   0.893   0.182
 817   1.057   0.484   1.054   0.169   0.499   0.194
 818   1.055   0.494   1.052   0.143   0.512   0.191
 819   1.057   0.827   1.124   0.169   0.849   0.195
 820   1.055   0.492   1.052   0.143   0.542   0.188
 821   1.058   0.480   1.053   0.168   0.493   0.195
 822   1.055   0.503   1.053   0.144   0.535   0.192
 823   1.056   0.509   1.055   0.168   0.521   0.195
 824   1.056   0.496   1.052   0.143   0.537   0.182
 825   1.058   0.484   1.057   0.168   0.497   0.194
 826   1.056   0.493   1.054   0.143   0.517   0.191
 827   1.057   0.485   1.055   0.168   0.498   0.195
 828   1.056   0.512   1.052   0.144   0.555   0.189
 829   1.058   0.531   1.054   0.168   0.580   0.195
 830   1.056   0.487   1.053   0.144   0.504   0.191
 831   1.057   0.486   1.055   0.168   0.499   0.195
 832   1.060   1.519   1.134   0.143   1.479   0.183
 833   1.059   0.485   1.055   0.167   0.498   0.194
 834   1.057   0.487   1.054   0.143   0.503   0.190
 835   1.058   0.533   1.055   0.168   0.553   0.194
 836   1.057   0.515   1.053   0.143   0.560   0.189
 837   1.059   0.750   1.081   0.168   0.755   0.194
 838   1.057   0.500   1.054   0.144   0.534   0.192
 839   1.058   0.497   1.058   0.169   0.515   0.195
 840   1.057   0.498   1.054   0.142   0.538   0.182
 841   1.060   0.487   1.057   0.168   0.501   0.194
 842   1.058   0.504   1.055   0.143   0.530   0.191
 843   1.060   0.498   1.058   0.168   0.508   0.194
 844   1.058   0.494   1.054   0.143   0.520   0.188
 845   1.060   0.505   1.058   0.169   0.525   0.194
 846   1.058   0.506   1.056   0.144   0.536   0.192
 847   1.059   0.498   1.059   0.168   0.505   0.195
 848   1.059   0.855   1.078   0.142   0.862   0.182
 849   1.061   0.499   1.059   0.168   0.511   0.194
 850   1.059   0.507   1.056   0.143   0.522   0.191
 851   1.060   0.489   1.057   0.168   0.504   0.194
 852   1.059   0.506   1.055   0.143   0.541   0.188
 853   1.061   0.489   1.057   0.168   0.502   0.194
 854   1.059   0.490   1.056   0.143   0.505   0.192
 855   1.059   0.812   1.080   0.168   0.853   0.195
 856   1.059   0.503   1.055   0.143   0.543   0.182
 857   1.061   0.491   1.058   0.168   0.508   0.195
 858   1.059   0.510   1.057   0.143   0.537   0.191
 859   1.061   0.503   1.058   0.168   0.526   0.194
 860   1.060   0.495   1.056   0.143   0.521   0.189
 861   1.062   0.490   1.058   0.168   0.504   0.195
 862   1.059   0.504   1.057   0.144   0.517   0.192
 863   1.061   0.709   1.059   0.168   0.746   0.195
 864   1.063   1.529   1.134   0.143   1.484   0.183
 865   1.062   0.707   1.059   0.167   0.743   0.194
 866   1.061   0.500   1.059   0.143   0.511   0.190
 867   1.062   0.499   1.059   0.168   0.510   0.194
 868   1.060   0.502   1.057   0.143   0.526   0.188
 869   1.062   0.524   1.060   0.168   0.549   0.194
 870   1.061   0.506   1.059   0.144   0.529   0.192
 871   1.061   0.843   1.091   0.168   0.862   0.195
 872   1.061   0.506   1.057   0.143   0.547   0.182
 873   1.063   0.500   1.060   0.168   0.521   0.194
 874   1.061   0.513   1.059   0.143   0.543   0.189
 875   1.062   0.550   1.062   0.168   0.564   0.194
 876   1.061   0.502   1.058   0.143   0.526   0.188
 877   1.063   0.526   1.062   0.168   0.532   0.194
 878   1.061   0.521   1.059   0.143   0.599   0.192
 879   1.062   0.493   1.060   0.168   0.505   0.195
 880   1.061   0.883   1.094   0.142   0.889   0.181
 881   1.063   0.517   1.062   0.168   0.534   0.193
 882   1.061   0.529   1.059   0.143   0.563   0.191
 883   1.061   0.496   1.061   0.169   0.511   0.193
 884   1.061   0.509   1.059   0.143   0.530   0.188
 885   1.064   0.500   1.061   0.168   0.521   0.194
 886   1.062   0.525   1.063   0.143   0.525   0.191
 887   1.062   0.503   1.063   0.168   0.514   0.195
 888   1.063   0.508   1.059   0.143   0.548   0.182
 889   1.063   0.529   1.063   0.168   0.541   0.193
 890   1.063   0.505   1.060   0.143   0.521   0.190
 891   1.063   0.514   1.064   0.168   0.517   0.194
 892   1.063   0.504   1.060   0.143   0.528   0.188
 893   1.063   0.502   1.063   0.168   0.515   0.195
 894   1.063   0.512   1.061   0.144   0.534   0.191
 895   1.062   0.505   1.063   0.168   0.516   0.194
 896   1.070   2.095   1.135   0.144   2.064   0.183
 897   1.063   0.507   1.064   0.168   0.517   0.193
 898   1.065   0.512   1.062   0.143   0.535   0.190
 899   1.063   0.529   1.065   0.168   0.539   0.193
 900   1.063   0.506   1.061   0.143   0.530   0.188
 901   1.064   0.637   1.072   0.168   0.634   0.194
 902   1.063   0.501   1.062   0.144   0.519   0.191
 903   1.064   0.522   1.065   0.168   0.534   0.195
 904   1.064   0.512   1.061   0.142   0.552   0.181
 905   1.065   0.640   1.065   0.168   0.674   0.194
 906   1.063   0.504   1.063   0.143   0.518   0.190
 907   1.065   0.549   1.064   0.168   0.589   0.194
 908   1.064   0.508   1.062   0.143   0.537   0.188
 909   1.066   0.645   1.067   0.168   0.654   0.195
 910   1.067   0.510   1.063   0.144   0.522   0.191
 911   1.065   0.517   1.064   0.168   0.552   0.196
 912   1.064   0.890   1.117   0.143   0.895   0.181
 913   1.066   0.636   1.066   0.168   0.667   0.194
 914   1.064   0.550   1.063   0.142   0.587   0.190
 915   1.065   0.656   1.070   0.168   0.660   0.194
 916   1.064   0.507   1.063   0.143   0.531   0.188
 917   1.066   0.856   1.110   0.168   0.853   0.194
 918   1.064   0.508   1.063   0.143   0.519   0.190
 919   1.065   0.551   1.065   0.168   0.588   0.195
 920   1.066   0.516   1.064   0.142   0.555   0.181
 921   1.066   0.734   1.065   0.168   0.771   0.193
 922   1.065   0.504   1.064   0.143   0.518   0.190
 923   1.066   0.646   1.071   0.168   0.650   0.194
 924   1.065   0.510   1.064   0.143   0.537   0.188
 925   1.066   0.678   1.066   0.168   0.716   0.194
 926   1.066   0.517   1.065   0.144   0.531   0.191
 927   1.065   0.869   1.094   0.168   0.912   0.195
 928   1.071   1.540   1.136   0.144   1.497   0.182
 929   1.066   0.867   1.093   0.168   0.910   0.193
 930   1.066   0.512   1.066   0.143   0.523   0.191
 931   1.067   0.900   1.128   0.168   1.012   0.194
 932   1.066   0.521   1.064   0.143   0.545   0.187
 933   1.067   0.552   1.067   0.168   0.586   0.194
 934   1.067   0.530   1.065   0.143   0.548   0.190
 935   1.066   0.556   1.066   0.168   0.609   0.194
 936   1.066   0.520   1.065   0.142   0.558   0.181
 937   1.067   0.784   1.067   0.168   0.823   0.194
 938   1.066   0.551   1.069   0.142   0.544   0.190
 939   1.067   0.507   1.068   0.168   0.519   0.194
 940   1.067   0.517   1.065   0.143   0.537   0.188
 941   1.067   0.928   1.119   0.168   1.006   0.194
 942   1.067   0.513   1.066   0.143   0.526   0.191
 943   1.067   0.576   1.069   0.168   0.587   0.194
 944   1.068   0.877   1.125   0.142   0.881   0.181
 945   1.067   0.669   1.078   0.168   0.661   0.193
 946   1.067   0.542   1.067   0.143   0.555   0.191
 947   1.067   0.566   1.071   0.168   0.583   0.195
 948   1.067   0.515   1.067   0.143   0.539   0.188
 949   1.068   0.704   1.075   0.168   0.705   0.194
 950   1.068   0.539   1.068   0.143   0.558   0.191
 951   1.068   0.524   1.069   0.168   0.547   0.194
 952   1.068   0.532   1.067   0.142   0.564   0.181
 953   1.068   0.681   1.073   0.169   0.685   0.193
 954   1.067   0.547   1.069   0.143   0.560   0.190
 955   1.068   0.641   1.069   0.168   0.657   0.194
 956   1.068   0.536   1.068   0.143   0.605   0.187
 957   1.069   0.853   1.100   0.167   0.850   0.195
 958   1.068   0.539   1.069   0.144   0.566   0.191
 959   1.068   0.549   1.070   0.168   0.575   0.196
 960   1.074   1.542   1.137   0.144   1.504   0.183
 961   1.070   0.552   1.070   0.167   0.576   0.194
 962   1.068   0.540   1.069   0.142   0.568   0.190
 963   1.069   0.545   1.070   0.167   0.561   0.194
 964   1.069   0.541   1.069   0.143   0.607   0.188
 965   1.070   0.520   1.071   0.168   0.528   0.194
 966   1.068   0.528   1.069   0.143   0.532   0.191
 967   1.068   0.518   1.071   0.168   0.528   0.195
 968   1.069   0.528   1.068   0.142   0.566   0.182
 969   1.069   0.634   1.073   0.168   0.653   0.193
 970   1.069   0.521   1.067   0.142   0.530   0.190
 971   1.069   0.523   1.072   0.168   0.532   0.194
 972   1.069   0.557   1.069   0.143   0.606   0.188
 973   1.070   0.520   1.071   0.168   0.530   0.194
 974   1.069   0.529   1.070   0.143   0.540   0.190
 975   1.069   0.638   1.073   0.168   0.638   0.195
 976   1.070   0.903   1.131   0.142   0.903   0.181
 977   1.070   0.669   1.076   0.169   0.673   0.194
 978   1.070   0.560   1.070   0.143   0.575   0.190
 979   1.070   0.582   1.071   0.169   0.602   0.194
 980   1.069   0.543   1.071   0.143   0.560   0.188
 981   1.071   0.681   1.073   0.168   0.706   0.195
 982   1.070   0.543   1.070   0.143   0.571   0.190
 983   1.070   0.867   1.126   0.168   0.868   0.195
 984   1.070   0.539   1.071   0.142   0.571   0.182
 985   1.071   0.598   1.072   0.169   0.612   0.194
 986   1.070   0.525   1.069   0.143   0.535   0.190
 987   1.071   0.915   1.105   0.168   0.960   0.195
 988   1.070   0.536   1.070   0.143   0.562   0.188
 989   1.071   0.615   1.074   0.168   0.621   0.194
 990   1.070   0.529   1.071   0.143   0.539   0.192
 991   1.071   0.951   1.125   0.168   1.035   0.195
 992   1.075   1.548   1.138   0.143   1.508   0.182
 993   1.074   0.957   1.125   0.167   1.007   0.195
 994   1.071   0.528   1.071   0.142   0.536   0.191
 995   1.071   0.633   1.073   0.167   0.649   0.195
 996   1.070   0.545   1.071   0.143   0.561   0.188
 997   1.072   0.541   1.074   0.168   0.549   0.194
 998   1.071   0.545   1.073   0.143   0.546   0.191
 999   1.072   0.891   1.121   0.168   0.887   0.195
1000   1.072   0.540   1.072   0.142   0.574   0.182
1001   1.072   0.618   1.074   0.168   0.637   0.194
1002   1.071   0.578   1.072   0.142   0.592   0.190
1003   1.072   0.700   1.077   0.168   0.703   0.195
1004   1.072   0.566   1.073   0.143   0.620   0.188
1005   1.073   0.587   1.074   0.168   0.595   0.194
1006   1.071   0.550   1.072   0.143   0.552   0.192
1007   1.071   0.585   1.076   0.168   0.591   0.195
1008   1.074   0.913   1.135   0.142   0.914   0.181
1009   1.072   0.603   1.076   0.168   0.610   0.195
1010   1.072   0.611   1.074   0.143   0.687   0.191
1011   1.072   0.748   1.081   0.168   0.746   0.193
1012   1.072   0.571   1.074   0.143   0.614   0.188
1013   1.075   0.921   1.105   0.168   0.960   0.193
1014   1.072   0.547   1.074   0.143   0.551   0.191
1015   1.072   0.660   1.076   0.167   0.674   0.195
1016   1.073   0.558   1.074   0.142   0.583   0.182
1017   1.073   0.681   1.077   0.168   0.683   0.193
1018   1.073   0.577   1.074   0.142   0.568   0.189
1019   1.072   0.700   1.080   0.167   0.705   0.194
1020   1.073   0.562   1.074   0.143   0.590   0.188
1021   1.074   1.102   1.103   0.165   1.104   0.193
1022   1.077   1.268   1.121   0.143   1.277   0.190
1023   1.076   1.061   1.115   0.162   1.116   0.191
1024   1.135   5.936   1.144   0.143   5.927   0.182
#--- ------- ------- ------- ------- ------- -------
