#  n     IJK     IKJ     JIK     JKI     KIJ     KJI
#--- ------- ------- ------- ------- ------- -------
  16   0.916   0.549   0.854   0.549   0.549   0.732
  17   0.712   0.611   0.611   0.611   0.560   0.611
  18   0.686   0.514   0.686   0.686   0.514   0.686
  19   0.693   0.547   0.693   0.656   0.547   0.729
  20   0.687   0.500   0.750   0.656   0.500   0.719
  21   0.702   0.540   0.702   0.729   0.540   0.675
  22   0.704   0.517   0.728   0.704   0.517   0.681
  23   0.863   0.555   0.719   0.740   0.534   0.719
  24   0.832   0.561   0.741   0.723   0.524   0.687
  25   0.816   0.544   0.736   0.736   0.528   0.672
  26   0.839   0.569   0.740   0.740   0.498   0.669
  27   0.800   0.533   0.800   0.737   0.521   0.660
  28   0.809   0.569   0.763   0.717   0.501   0.695
  29   0.820   0.574   0.748   0.718   0.513   0.697
  30   0.815   0.565   0.759   0.796   0.574   0.769
  31   0.780   0.571   0.747   0.722   0.520   0.705
  32   0.793   0.580   0.717   0.748   0.549   0.732
  33   0.779   0.584   0.703   0.737   0.529   0.744
  34   0.782   0.585   0.731   0.757   0.534   0.744
  35   0.758   0.536   0.723   0.770   0.548   0.752
  36   0.745   0.552   0.734   0.761   0.788   0.750
  37   0.750   0.553   0.735   0.765   0.553   0.765
  38   0.761   0.565   0.738   0.788   0.560   0.775
  39   0.738   0.556   0.729   0.792   0.556   0.775
  40   0.738   0.563   0.738   0.785   0.570   0.789
  41   0.722   0.566   0.747   0.809   0.765   0.794
  42   0.752   0.567   0.752   0.813   0.567   0.796
  43   0.739   0.585   0.748   0.821   0.579   0.805
  44   0.754   0.581   0.745   0.810   0.581   0.807
  45   0.746   0.584   0.760   1.053   0.590   0.812
  46   0.758   0.586   0.755   0.832   0.588   0.812
  47   0.761   0.595   0.756   0.838   0.590   0.819
  48   0.751   0.597   0.787   0.961   0.640   0.893
  49   0.788   0.601   0.763   0.867   0.606   0.888
  50   0.834   0.650   0.792   0.852   0.600   0.834
  51   0.771   0.603   0.761   0.844   0.603   0.837
  52   0.759   0.608   0.763   0.853   0.610   0.839
  53   0.762   0.608   0.762   0.835   0.611   0.840
  54   0.789   0.608   0.772   0.862   0.614   0.845
  55   0.766   0.615   0.763   0.866   0.618   0.847
  56   0.770   0.615   0.769   0.871   0.616   0.850
  57   0.768   0.616   0.763   0.852   0.844   0.902
  58   0.784   0.616   0.770   0.871   0.623   0.857
  59   0.775   0.622   0.774   0.965   0.624   0.861
  60   0.775   0.623   0.770   1.054   0.626   0.869
  61   0.771   0.626   0.767   1.045   0.627   0.878
  62   0.778   0.625   0.851   0.888   0.779   0.872
  63   0.794   0.633   0.771   1.050   0.645   0.875
  64   0.772   0.634   0.774   0.895   0.633   0.877
  65   0.769   0.633   0.779   1.069   0.773   0.881
  66   0.776   0.632   0.782   1.043   0.780   0.881
  67   0.772   0.636   0.884   0.901   0.788   0.883
  68   0.778   0.642   0.787   1.049   0.638   0.884
  69   0.776   0.647   0.777   0.903   0.643   0.887
  70   0.805   0.643   0.779   1.051   0.767   0.894
  71   0.780   0.642   0.774   1.048   0.788   0.888
  72   0.784   0.645   0.855   0.909   0.782   0.892
  73   0.772   0.790   0.773   1.042   0.647   0.901
  74   0.779   0.644   0.780   0.911   0.651   0.895
  75   0.792   0.648   0.785   1.039   0.773   0.900
  76   0.765   0.654   0.791   1.038   0.792   0.898
  77   0.783   0.653   0.871   0.917   0.780   0.902
  78   0.783   0.777   0.779   1.046   0.652   1.046
  79   0.789   0.653   0.784   0.921   0.655   0.906
  80   0.792   0.781   0.786   1.046   0.772   0.911
  81   0.825   0.670   0.871   1.042   0.782   0.908
  82   0.798   0.662   0.844   1.044   0.785   1.042
  83   0.786   0.725   0.797   1.040   0.659   1.039
  84   0.816   0.662   0.788   0.917   0.660   0.913
  85   0.790   0.773   0.844   1.044   0.777   0.914
  86   0.788   0.663   0.843   1.044   0.775   0.939
  87   0.867   0.662   0.862   1.046   0.777   1.030
  88   0.787   0.772   0.793   1.045   0.663   1.035
  89   0.788   0.663   0.798   0.938   0.664   0.920
  90   0.835   0.732   0.861   1.049   0.767   0.924
  91   0.874   0.668   0.857   1.048   0.780   0.923
  92   0.848   0.666   0.850   1.040   0.781   0.925
  93   0.797   0.773   0.803   1.046   0.667   1.030
  94   0.805   0.669   0.815   0.941   0.668   0.926
  95   0.804   0.776   0.855   1.057   0.755   0.928
  96   0.840   0.671   0.869   1.037   0.764   0.929
  97   0.829   0.674   0.862   1.039   0.767   0.929
  98   0.815   0.675   0.864   0.947   0.775   0.932
  99   0.822   0.720   0.810   1.037   0.672   0.932
 100   0.807   0.677   0.821   0.937   0.675   0.934
 101   0.811   0.676   0.864   1.045   0.765   0.938
 102   0.869   0.768   0.864   1.042   0.763   1.044
 103   0.856   0.775   0.865   1.040   0.762   1.038
 104   0.862   0.769   0.864   1.049   0.766   1.043
 105   0.859   0.777   0.864   1.044   0.770   1.042
 106   0.856   0.776   0.860   1.041   0.764   1.049
 107   0.855   0.771   0.864   1.039   0.769   1.043
 108   0.853   0.766   0.861   1.040   0.766   1.048
 109   0.854   0.777   0.860   1.045   0.763   1.049
 110   0.862   0.779   0.866   1.043   0.777   1.031
 111   0.856   0.768   0.864   1.039   0.777   1.034
 112   0.860   0.768   0.862   1.037   0.772   1.034
 113   0.855   0.775   0.863   1.034   0.761   1.032
 114   0.863   0.765   0.871   1.040   0.773   1.034
 115   0.857   0.769   0.866   1.038   0.769   1.033
 116   0.860   0.762   0.865   1.036   0.766   1.039
 117   0.874   0.767   0.873   1.046   0.760   1.031
 118   0.867   0.766   0.867   1.040   0.764   1.040
 119   0.871   0.764   0.870   1.043   0.765   1.047
 120   0.864   0.771   0.873   1.039   0.758   1.031
 121   0.865   0.766   0.874   1.044   0.770   1.052
 122   0.865   0.760   0.873   1.041   0.759   1.045
 123   0.868   0.765   0.872   1.051   0.764   1.036
 124   0.875   0.771   0.880   1.041   0.773   1.039
 125   0.872   0.768   0.878   1.043   0.771   1.034
 126   0.866   0.764   0.876   1.051   0.763   1.039
 127   0.881   0.766   0.885   1.050   0.767   1.032
 128   0.877   0.772   0.880   1.049   0.774   1.033
 129   0.876   0.759   0.879   1.044   0.769   1.034
 130   0.881   0.761   0.893   1.046   0.769   1.037
 131   0.885   0.765   0.888   1.052   0.770   1.046
 132   0.883   0.764   0.884   1.058   0.771   1.046
 133   0.885   0.759   0.901   1.046   0.764   1.034
 134   0.888   0.766   0.893   1.045   0.764   1.035
 135   0.887   0.766   0.899   1.042   0.766   1.038
 136   0.883   0.769   0.902   1.044   0.763   1.038
 137   0.891   0.759   0.899   1.053   0.762   1.032
 138   0.894   0.767   0.902   1.044   0.767   1.037
 139   0.894   0.771   0.894   1.048   0.771   1.037
 140   0.894   0.764   0.900   1.049   0.762   1.031
 141   0.901   0.765   0.903   1.041   0.766   1.033
 142   0.894   0.764   0.901   1.042   0.767   1.053
 143   0.901   0.765   0.903   1.055   0.767   1.036
 144   0.902   0.764   0.900   1.041   0.768   1.037
 145   0.901   0.762   0.905   1.038   0.759   1.036
 146   0.902   0.771   0.907   1.041   0.762   1.031
 147   0.908   0.761   0.910   1.049   0.762   1.057
 148   0.903   0.767   0.906   1.050   0.763   1.031
 149   0.900   0.769   0.907   1.038   0.767   1.028
 150   0.909   0.763   0.913   1.048   0.762   1.031
 151   0.909   0.765   0.910   1.042   0.755   1.033
 152   0.903   0.760   0.910   1.045   0.761   1.032
 153   0.912   0.774   0.909   1.044   0.755   1.033
 154   0.908   0.763   0.911   1.059   0.759   1.038
 155   0.908   0.766   0.909   1.037   0.758   1.035
 156   0.905   0.758   0.907   1.038   0.759   1.037
 157   0.911   0.766   0.909   1.043   0.756   1.041
 158   0.912   0.767   0.910   1.040   0.757   1.045
 159   0.909   0.763   0.907   1.047   0.757   1.038
 160   0.912   0.767   0.914   1.035   0.757   1.039
 161   0.913   0.766   0.916   1.036   0.763   1.048
 162   0.914   0.766   0.912   1.040   0.757   1.050
 163   0.917   0.764   0.917   1.033   0.763   1.036
 164   0.917   0.765   0.917   1.040   0.758   1.035
 165   0.916   0.765   0.916   1.043   0.761   1.048
 166   0.914   0.765   0.917   1.043   0.758   1.030
 167   0.915   0.761   0.919   1.043   0.752   1.039
 168   0.919   0.767   0.922   1.047   0.763   1.036
 169   0.919   0.767   0.918   1.034   0.757   1.041
 170   0.921   0.766   0.923   1.046   0.760   1.033
 171   0.923   0.768   0.924   1.063   0.757   1.055
 172   0.925   0.762   0.919   1.043   0.756   1.044
 173   0.926   0.767   0.926   1.037   0.759   1.052
 174   0.928   0.760   0.923   1.054   0.760   1.044
 175   0.926   0.766   0.926   1.045   0.760   1.048
 176   0.921   0.757   0.919   1.044   0.755   1.037
 177   0.924   0.764   0.925   1.051   0.754   1.041
 178   0.929   0.764   0.926   1.060   0.762   1.034
 179   0.927   0.765   0.927   1.037   0.753   1.035
 180   0.931   0.767   0.928   1.050   0.759   1.044
 181   0.933   0.762   0.934   1.042   0.757   1.041
 182   0.930   0.762   0.930   1.044   0.754   1.036
 183   0.937   0.762   0.937   1.034   0.762   1.043
 184   0.941   0.760   0.939   1.050   0.756   1.036
 185   0.939   0.763   0.940   1.057   0.760   1.041
 186   0.935   0.767   0.936   1.037   0.757   1.042
 187   0.941   0.761   0.941   1.050   0.757   1.036
 188   0.941   0.764   0.940   1.047   0.759   1.041
 189   0.941   0.760   0.942   1.042   0.762   1.042
 190   0.944   0.762   0.943   1.054   0.754   1.033
 191   0.945   0.759   0.945   1.044   0.760   1.048
 192   0.944   0.760   0.943   1.050   0.757   1.050
 193   0.948   0.765   0.945   1.048   0.754   1.045
 194   0.947   0.765   0.944   1.058   0.755   1.059
 195   0.948   0.763   0.948   1.047   0.761   1.041
 196   0.949   0.758   0.947   1.051   0.760   1.054
 197   0.951   0.762   0.950   1.054   0.752   1.047
 198   0.950   0.763   0.948   1.052   0.760   1.040
 199   0.951   0.763   0.950   1.058   0.757   1.041
 200   0.952   0.761   0.952   1.060   0.759   1.052
 201   0.955   0.761   0.954   1.040   0.752   1.056
 202   0.952   0.759   0.953   1.044   0.758   1.050
 203   0.956   0.764   0.955   1.054   0.763   1.038
 204   0.956   0.760   0.953   1.057   0.761   1.051
 205   0.957   0.763   0.955   1.045   0.758   1.060
 206   0.954   0.759   0.956   1.041   0.764   1.053
 207   0.960   0.758   0.959   1.056   0.759   1.062
 208   0.957   0.761   0.958   1.053   0.755   1.040
 209   0.959   0.759   0.958   1.048   0.751   1.043
 210   0.961   0.763   0.960   1.052   0.759   1.045
 211   0.962   0.761   0.961   1.059   0.754   1.064
 212   0.961   0.762   0.960   1.070   0.759   1.039
 213   0.963   0.756   0.963   1.037   0.756   1.047
 214   0.962   0.754   0.961   1.052   0.754   1.050
 215   0.968   0.758   0.962   1.048   0.757   1.064
 216   0.962   0.761   0.963   1.059   0.755   1.056
 217   0.965   0.761   0.967   1.052   0.753   1.054
 218   0.964   0.759   0.965   1.054   0.755   1.052
 219   0.967   0.760   0.966   1.054   0.759   1.047
 220   0.967   0.762   0.968   1.050   0.759   1.054
 221   0.968   0.759   0.968   1.049   0.761   1.056
 222   0.969   0.760   0.967   1.051   0.757   1.056
 223   0.970   0.763   0.970   1.044   0.764   1.046
 224   0.971   0.763   0.969   1.048   0.755   1.059
 225   0.972   0.756   0.972   1.048   0.758   1.053
 226   0.971   0.763   0.971   1.055   0.757   1.045
 227   0.975   0.762   0.974   1.059   0.758   1.059
 228   0.974   0.757   0.972   1.056   0.758   1.050
 229   0.974   0.761   0.974   1.057   0.758   1.045
 230   0.976   0.761   0.976   1.063   0.757   1.063
 231   0.977   0.759   0.977   1.061   0.752   1.054
 232   0.976   0.760   0.976   1.050   0.759   1.054
 233   0.979   0.763   0.981   1.047   0.759   1.047
 234   0.979   0.762   0.979   1.053   0.755   1.050
 235   0.980   0.761   0.980   1.053   0.756   1.060
 236   0.978   0.758   0.978   1.058   0.756   1.057
 237   0.982   0.756   0.982   1.049   0.753   1.052
 238   0.981   0.758   0.981   1.053   0.757   1.053
 239   0.983   0.759   0.982   1.060   0.758   1.057
 240   0.983   0.758   0.983   1.059   0.759   1.054
 241   0.985   0.760   0.985   1.061   0.759   1.048
 242   0.983   0.757   0.983   1.051   0.759   1.061
 243   0.986   0.762   0.987   1.050   0.757   1.059
 244   0.985   0.758   0.985   1.054   0.760   1.065
 245   0.987   0.758   0.986   1.055   0.753   1.048
 246   0.986   0.759   0.986   1.054   0.759   1.050
 247   0.989   0.756   0.989   1.060   0.756   1.048
 248   0.987   0.757   0.988   1.063   0.754   1.061
 249   0.989   0.762   0.989   1.072   0.755   1.049
 250   0.989   0.759   0.990   1.067   0.759   1.065
 251   0.991   0.759   0.991   1.055   0.757   1.057
 252   0.990   0.759   0.989   1.056   0.758   1.059
 253   0.992   0.753   0.992   1.058   0.759   1.064
 254   0.990   0.756   0.990   1.062   0.754   1.060
 255   0.991   0.758   0.992   1.061   0.756   1.052
 256   0.991   0.758   0.992   1.059   0.754   1.057
 257   0.995   0.757   0.995   1.069   0.756   1.057
 258   0.993   0.755   0.993   1.057   0.755   1.057
 259   0.994   0.762   0.994   1.055   0.756   1.054
 260   0.995   0.759   0.995   1.053   0.760   1.052
 261   0.999   0.758   0.999   1.047   0.758   1.049
 262   0.996   0.756   0.995   1.055   0.759   1.048
 263   0.998   0.759   0.998   1.049   0.757   1.054
 264   0.999   0.752   1.000   1.047   0.755   1.043
 265   1.001   0.755   1.002   1.042   0.753   1.046
 266   0.999   0.758   1.001   1.044   0.755   1.050
 267   1.002   0.756   1.003   1.045   0.765   1.054
 268   1.001   0.756   1.001   1.042   0.757   1.048
 269   1.002   0.756   1.003   1.053   0.754   1.044
 270   1.003   0.759   1.003   1.053   0.759   1.049
 271   1.004   0.757   1.004   1.034   0.757   1.048
 272   1.003   0.755   1.003   1.043   0.757   1.035
 273   1.005   0.760   1.006   1.037   0.758   1.036
 274   1.005   0.757   1.005   1.055   0.760   1.051
 275   1.006   0.754   1.006   1.044   0.752   1.039
 276   1.003   0.758   1.003   1.049   0.761   1.041
 277   1.006   0.756   1.006   1.044   0.758   1.048
 278   1.007   0.757   1.007   1.029   0.756   1.036
 279   1.008   0.753   1.008   1.045   0.757   1.042
 280   1.009   0.757   1.006   1.042   0.760   1.034
 281   1.008   0.756   1.008   1.036   0.762   1.045
 282   1.007   0.758   1.006   1.035   0.757   1.042
 283   1.010   0.753   1.009   1.038   0.759   1.032
 284   1.008   0.755   1.009   1.031   0.758   1.037
 285   1.011   0.755   1.011   1.032   0.758   1.036
 286   1.010   0.756   1.011   1.042   0.761   1.045
 287   1.011   0.756   1.011   1.032   0.757   1.034
 288   1.012   0.756   1.013   1.032   0.754   1.029
 289   1.014   0.755   1.014   1.036   0.757   1.025
 290   1.014   0.755   1.015   1.034   0.759   1.032
 291   1.015   0.758   1.015   1.025   0.757   1.032
 292   1.012   0.757   1.012   1.039   0.756   1.029
 293   1.014   0.753   1.014   1.039   0.756   1.041
 294   1.013   0.753   1.013   1.026   0.757   1.038
 295   1.015   0.758   1.014   1.034   0.755   1.028
 296   1.013   0.754   1.014   1.025   0.755   1.042
 297   1.018   0.754   1.018   1.033   0.755   1.028
 298   1.017   0.758   1.017   1.030   0.759   1.053
 299   1.018   0.756   1.018   1.047   0.757   1.035
 300   1.019   0.756   1.018   1.034   0.757   1.041
 301   1.019   0.757   1.020   1.031   0.759   1.028
 302   1.018   0.759   1.018   1.039   0.756   1.029
 303   1.019   0.754   1.018   1.039   0.756   1.038
 304   1.019   0.755   1.019   1.028   0.757   1.035
 305   1.020   0.757   1.020   1.041   0.758   1.027
 306   1.020   0.757   1.020   1.037   0.757   1.031
 307   1.022   0.759   1.022   1.025   0.755   1.033
 308   1.021   0.756   1.021   1.029   0.756   1.025
 309   1.022   0.755   1.022   1.032   0.755   1.035
 310   1.022   0.758   1.022   1.033   0.755   1.040
 311   1.023   0.754   1.023   1.033   0.754   1.027
 312   1.022   0.755   1.022   1.027   0.755   1.028
 313   1.024   0.756   1.024   1.036   0.756   1.035
 314   1.023   0.758   1.023   1.032   0.758   1.032
 315   1.025   0.754   1.024   1.036   0.755   1.038
 316   1.024   0.754   1.023   1.032   0.757   1.030
 317   1.026   0.756   1.026   1.027   0.757   1.038
 318   1.024   0.757   1.024   1.031   0.757   1.026
 319   1.024   0.755   1.023   1.037   0.758   1.035
 320   1.024   0.754   1.024   1.032   0.759   1.037
 321   1.025   0.755   1.025   1.034   0.755   1.021
 322   1.024   0.756   1.024   1.041   0.755   1.039
 323   1.026   0.757   1.026   1.037   0.757   1.045
 324   1.027   0.757   1.027   1.035   0.758   1.038
 325   1.026   0.756   1.026   1.033   0.756   1.037
 326   1.025   0.754   1.025   1.040   0.757   1.029
 327   1.029   0.754   1.029   1.027   0.760   1.038
 328   1.028   0.755   1.028   1.031   0.757   1.026
 329   1.029   0.754   1.029   1.035   0.752   1.021
 330   1.029   0.753   1.029   1.039   0.757   1.029
 331   1.030   0.755   1.030   1.034   0.756   1.031
 332   1.028   0.756   1.028   1.031   0.757   1.024
 333   1.032   0.756   1.032   1.041   0.757   1.032
 334   1.028   0.755   1.029   1.025   0.756   1.042
 335   1.030   0.755   1.030   1.029   0.757   1.031
 336   1.031   0.754   1.031   1.028   0.757   1.034
 337   1.033   0.757   1.033   1.024   0.756   1.036
 338   1.031   0.755   1.032   1.029   0.756   1.019
 339   1.033   0.755   1.032   1.030   0.757   1.031
 340   1.033   0.756   1.033   1.029   0.758   1.030
 341   1.034   0.755   1.034   1.028   0.754   1.025
 342   1.033   0.754   1.033   1.042   0.757   1.039
 343   1.035   0.755   1.035   1.031   0.754   1.048
 344   1.034   0.753   1.034   1.029   0.756   1.033
 345   1.035   0.755   1.035   1.028   0.755   1.038
 346   1.034   0.756   1.034   1.040   0.757   1.040
 347   1.034   0.757   1.034   1.031   0.756   1.037
 348   1.033   0.754   1.033   1.035   0.757   1.035
 349   1.034   0.754   1.034   1.032   0.758   1.036
 350   1.034   0.756   1.035   1.029   0.758   1.033
 351   1.036   0.754   1.036   1.037   0.758   1.034
 352   1.035   0.754   1.035   1.039   0.757   1.028
 353   1.036   0.755   1.037   1.031   0.757   1.032
 354   1.035   0.755   1.036   1.042   0.758   1.033
 355   1.036   0.752   1.037   1.033   0.757   1.033
 356   1.035   0.753   1.036   1.035   0.757   1.040
 357   1.037   0.755   1.038   1.029   0.754   1.031
 358   1.036   0.756   1.037   1.030   0.757   1.038
 359   1.037   0.753   1.037   1.030   0.754   1.035
 360   1.037   0.753   1.037   1.037   0.757   1.034
 361   1.038   0.755   1.038   1.041   0.753   1.027
 362   1.037   0.754   1.037   1.034   0.755   1.027
 363   1.039   0.754   1.039   1.029   0.755   1.035
 364   1.038   0.758   1.038   1.029   0.756   1.029
 365   1.039   0.752   1.039   1.039   0.756   1.030
 366   1.038   0.756   1.038   1.039   0.756   1.034
 367   1.040   0.754   1.040   1.037   0.755   1.038
 368   1.039   0.755   1.039   1.031   0.754   1.036
 369   1.039   0.755   1.039   1.040   0.758   1.032
 370   1.040   0.755   1.040   1.025   0.755   1.031
 371   1.040   0.755   1.041   1.028   0.757   1.030
 372   1.040   0.755   1.040   1.045   0.756   1.034
 373   1.042   0.753   1.042   1.031   0.754   1.048
 374   1.041   0.752   1.041   1.031   0.756   1.032
 375   1.042   0.755   1.042   1.037   0.755   1.026
 376   1.041   0.756   1.041   1.032   0.756   1.036
 377   1.043   0.753   1.043   1.030   0.754   1.030
 378   1.042   0.754   1.042   1.027   0.759   1.024
 379   1.043   0.753   1.042   1.037   0.756   1.037
 380   1.043   0.755   1.043   1.031   0.755   1.029
 381   1.044   0.752   1.044   1.035   0.762   1.030
 382   1.044   0.754   1.044   1.033   0.757   1.033
 383   1.046   0.755   1.046   1.029   0.755   1.034
 384   1.045   0.754   1.046   1.038   0.755   1.036
 385   1.047   0.753   1.047   1.028   0.754   1.026
 386   1.045   0.756   1.046   1.036   0.756   1.033
 387   1.047   0.755   1.048   1.031   0.755   1.030
 388   1.046   0.752   1.046   1.027   0.753   1.038
 389   1.046   0.753   1.047   1.031   0.755   1.022
 390   1.047   0.754   1.047   1.030   0.756   1.027
 391   1.048   0.753   1.048   1.034   0.758   1.023
 392   1.046   0.751   1.047   1.035   0.755   1.021
 393   1.049   0.753   1.049   1.036   0.753   1.036
 394   1.048   0.755   1.048   1.028   0.755   1.031
 395   1.048   0.753   1.049   1.029   0.758   1.030
 396   1.047   0.753   1.048   1.035   0.756   1.033
 397   1.049   0.754   1.050   1.030   0.754   1.027
 398   1.048   0.754   1.049   1.036   0.757   1.031
 399   1.049   0.753   1.049   1.035   0.755   1.035
 400   1.049   0.754   1.050   1.029   0.756   1.029
 401   1.050   0.751   1.051   1.030   0.755   1.029
 402   1.049   0.755   1.050   1.028   0.756   1.027
 403   1.051   0.752   1.051   1.030   0.755   1.029
 404   1.050   0.753   1.050   1.034   0.755   1.027
 405   1.051   0.755   1.051   1.027   0.754   1.031
 406   1.050   0.752   1.050   1.031   0.756   1.034
 407   1.053   0.753   1.052   1.027   0.755   1.034
 408   1.050   0.753   1.051   1.033   0.754   1.029
 409   1.051   0.753   1.051   1.034   0.756   1.029
 410   1.051   0.754   1.052   1.030   0.756   1.042
 411   1.051   0.753   1.051   1.035   0.760   1.030
 412   1.050   0.755   1.050   1.035   0.755   1.037
 413   1.051   0.754   1.052   1.030   0.756   1.030
 414   1.050   0.752   1.051   1.036   0.756   1.033
 415   1.051   0.755   1.052   1.026   0.756   1.024
 416   1.051   0.753   1.051   1.036   0.755   1.026
 417   1.052   0.754   1.053   1.034   0.754   1.029
 418   1.051   0.754   1.052   1.031   0.756   1.028
 419   1.052   0.753   1.052   1.038   0.753   1.039
 420   1.052   0.755   1.053   1.026   0.756   1.037
 421   1.053   0.752   1.053   1.029   0.754   1.036
 422   1.052   0.753   1.052   1.034   0.755   1.041
 423   1.053   0.754   1.054   1.035   0.755   1.030
 424   1.052   0.753   1.053   1.032   0.754   1.034
 425   1.053   0.751   1.054   1.034   0.754   1.030
 426   1.053   0.753   1.053   1.031   0.755   1.026
 427   1.054   0.753   1.055   1.028   0.754   1.036
 428   1.055   0.753   1.055   1.027   0.755   1.030
 429   1.055   0.753   1.056   1.038   0.755   1.036
 430   1.056   0.753   1.056   1.033   0.755   1.037
 431   1.056   0.754   1.057   1.030   0.752   1.029
 432   1.055   0.751   1.056   1.036   0.756   1.029
 433   1.057   0.753   1.058   1.032   0.754   1.028
 434   1.056   0.754   1.057   1.029   0.755   1.028
 435   1.057   0.753   1.058   1.035   0.765   1.042
 436   1.056   0.750   1.057   1.038   0.765   1.049
 437   1.058   0.753   1.059   1.036   0.764   1.043
 438   1.057   0.753   1.058   1.034   0.753   1.028
 439   1.057   0.752   1.058   1.032   0.755   1.034
 440   1.058   0.753   1.058   1.032   0.754   1.033
 441   1.058   0.752   1.059   1.033   0.755   1.033
 442   1.056   0.753   1.057   1.040   0.755   1.051
 443   1.058   0.751   1.058   1.040   0.760   1.053
 444   1.057   0.753   1.058   1.038   0.757   1.052
 445   1.058   0.753   1.058   1.048   0.756   1.053
 446   1.057   0.753   1.057   1.041   0.762   1.054
 447   1.058   0.753   1.059   1.036   0.760   1.057
 448   1.059   0.751   1.059   1.047   0.764   1.046
 449   1.060   0.752   1.060   1.042   0.767   1.051
 450   1.060   0.751   1.060   1.046   0.765   1.049
 451   1.061   0.754   1.061   1.040   0.755   1.054
 452   1.060   0.752   1.060   1.051   0.768   1.046
 453   1.061   0.752   1.062   1.035   0.752   1.034
 454   1.059   0.751   1.060   1.032   0.755   1.035
 455   1.059   0.753   1.060   1.032   0.756   1.033
 456   1.059   0.753   1.059   1.038   0.755   1.030
 457   1.060   0.752   1.061   1.030   0.752   1.032
 458   1.059   0.754   1.060   1.029   0.755   1.030
 459   1.060   0.752   1.060   1.049   0.762   1.057
 460   1.061   0.752   1.062   1.030   0.752   1.035
 461   1.062   0.752   1.063   1.039   0.753   1.031
 462   1.061   0.751   1.062   1.038   0.754   1.033
 463   1.063   0.752   1.063   1.032   0.753   1.042
 464   1.062   0.751   1.062   1.031   0.753   1.033
 465   1.062   0.750   1.063   1.030   0.752   1.036
 466   1.061   0.753   1.062   1.029   0.754   1.033
 467   1.063   0.752   1.063   1.029   0.753   1.027
 468   1.062   0.751   1.063   1.027   0.753   1.028
 469   1.063   0.751   1.063   1.030   0.754   1.033
 470   1.063   0.752   1.064   1.048   0.769   1.058
 471   1.062   0.751   1.063   1.035   0.753   1.032
 472   1.062   0.750   1.062   1.032   0.755   1.034
 473   1.063   0.753   1.064   1.050   0.758   1.058
 474   1.062   0.752   1.063   1.044   0.761   1.059
 475   1.063   0.752   1.063   1.052   0.758   1.056
 476   1.062   0.751   1.062   1.046   0.759   1.052
 477   1.064   0.751   1.064   1.048   0.760   1.057
 478   1.063   0.752   1.063   1.048   0.755   1.055
 479   1.063   0.752   1.064   1.059   0.759   1.047
 480   1.063   0.751   1.064   1.051   0.759   1.051
 481   1.064   0.751   1.065   1.052   0.760   1.055
 482   1.063   0.753   1.064   1.055   0.759   1.055
 483   1.066   0.751   1.067   1.049   0.760   1.046
 484   1.065   0.750   1.066   1.046   0.766   1.055
 485   1.066   0.750   1.066   1.047   0.762   1.055
 486   1.065   0.752   1.065   1.031   0.753   1.028
 487   1.067   0.750   1.067   1.028   0.756   1.025
 488   1.066   0.752   1.066   1.046   0.758   1.053
 489   1.066   0.751   1.066   1.049   0.770   1.053
 490   1.066   0.752   1.067   1.048   0.766   1.058
 491   1.067   0.750   1.068   1.050   0.762   1.058
 492   1.066   0.751   1.067   1.049   0.774   1.049
 493   1.068   0.751   1.068   1.055   0.764   1.051
 494   1.066   0.749   1.066   1.030   0.754   1.035
 495   1.066   0.751   1.067   1.037   0.755   1.032
 496   1.066   0.750   1.066   1.033   0.754   1.038
 497   1.067   0.750   1.067   1.037   0.753   1.039
 498   1.066   0.751   1.067   1.030   0.755   1.036
 499   1.067   0.751   1.067   1.036   0.753   1.034
 500   1.067   0.750   1.067   1.031   0.753   1.034
 501   1.067   0.750   1.068   1.036   0.754   1.033
 502   1.066   0.750   1.067   1.035   0.754   1.038
 503   1.068   0.751   1.068   1.031   0.754   1.040
 504   1.067   0.751   1.068   1.031   0.752   1.031
 505   1.068   0.750   1.068   1.029   0.753   1.031
 506   1.067   0.752   1.068   1.033   0.753   1.038
 507   1.068   0.752   1.069   1.030   0.754   1.036
 508   1.067   0.751   1.068   1.034   0.753   1.030
 509   1.068   0.750   1.068   1.032   0.753   1.033
 510   1.068   0.752   1.069   1.035   0.754   1.032
 511   1.069   0.750   1.069   1.032   0.752   1.030
 512   1.068   0.749   1.069   1.031   0.754   1.034
 513   1.071   0.751   1.071   1.032   0.752   1.033
 514   1.070   0.751   1.070   1.030   0.752   1.037
 515   1.070   0.749   1.070   1.036   0.752   1.029
 516   1.070   0.749   1.070   1.038   0.752   1.038
 517   1.072   0.748   1.072   1.034   0.751   1.032
 518   1.071   0.749   1.071   1.030   0.749   1.039
 519   1.071   0.748   1.072   1.055   0.771   1.058
 520   1.072   0.747   1.073   1.058   0.771   1.053
 521   1.073   0.749   1.073   1.056   0.773   1.058
 522   1.072   0.748   1.072   1.059   0.772   1.059
 523   1.073   0.747   1.074   1.063   0.772   1.063
 524   1.073   0.749   1.073   1.058   0.771   1.065
 525   1.073   0.748   1.074   1.056   0.771   1.062
 526   1.073   0.746   1.073   1.035   0.750   1.033
 527   1.074   0.746   1.074   1.031   0.750   1.034
 528   1.073   0.748   1.074   1.057   0.770   1.060
 529   1.074   0.746   1.073   1.035   0.749   1.034
 530   1.074   0.746   1.074   1.030   0.749   1.031
 531   1.074   0.747   1.074   1.036   0.750   1.035
 532   1.074   0.748   1.073   1.063   0.771   1.064
 533   1.075   0.747   1.076   1.028   0.749   1.027
 534   1.075   0.760   1.075   1.053   0.770   1.059
 535   1.075   0.752   1.075   1.062   0.771   1.062
 536   1.074   0.756   1.074   1.059   0.769   1.063
 537   1.075   0.746   1.075   1.034   0.749   1.042
 538   1.075   0.747   1.075   1.034   0.749   1.034
 539   1.075   0.747   1.076   1.044   0.751   1.034
 540   1.076   0.746   1.075   1.038   0.765   1.042
 541   1.075   0.764   1.076   1.058   0.770   1.064
 542   1.075   0.746   1.076   1.031   0.749   1.033
 543   1.077   0.753   1.076   1.039   0.770   1.046
 544   1.075   0.752   1.075   1.038   0.769   1.041
 545   1.077   0.760   1.077   1.041   0.769   1.041
 546   1.076   0.767   1.076   1.065   0.769   1.065
 547   1.077   0.769   1.077   1.046   0.770   1.048
 548   1.078   0.763   1.077   1.049   0.769   1.044
 549   1.078   0.768   1.078   1.062   0.770   1.062
 550   1.078   0.766   1.078   1.059   0.769   1.064
 551   1.079   0.766   1.079   1.059   0.770   1.060
 552   1.078   0.764   1.078   1.058   0.768   1.050
 553   1.079   0.766   1.079   1.043   0.768   1.044
 554   1.078   0.767   1.079   1.057   0.768   1.062
 555   1.079   0.745   1.080   1.030   0.760   1.031
 556   1.078   0.764   1.078   1.049   0.768   1.056
 557   1.080   0.766   1.079   1.040   0.768   1.051
 558   1.078   0.765   1.079   1.045   0.768   1.054
 559   1.080   0.764   1.079   1.054   0.767   1.059
 560   1.080   0.764   1.079   1.048   0.767   1.053
 561   1.080   0.767   1.079   1.051   0.768   1.059
 562   1.080   0.767   1.080   1.061   0.768   1.061
 563   1.081   0.763   1.080   1.051   0.768   1.054
 564   1.080   0.764   1.080   1.029   0.769   1.028
 565   1.081   0.768   1.080   1.046   0.768   1.059
 566   1.080   0.766   1.080   1.058   0.769   1.065
 567   1.081   0.766   1.080   1.064   0.769   1.067
 568   1.081   0.766   1.080   1.027   0.769   1.032
 569   1.081   0.766   1.081   1.036   0.768   1.027
 570   1.081   0.764   1.081   1.031   0.769   1.035
 571   1.082   0.767   1.081   1.062   0.768   1.060
 572   1.081   0.766   1.081   1.063   0.769   1.057
 573   1.082   0.765   1.081   1.056   0.767   1.063
 574   1.081   0.763   1.081   1.061   0.767   1.061
 575   1.082   0.765   1.081   1.057   0.768   1.054
 576   1.081   0.764   1.081   1.032   0.767   1.032
 577   1.083   0.764   1.083   1.059   0.767   1.059
 578   1.082   0.765   1.082   1.055   0.769   1.060
 579   1.082   0.766   1.082   1.053   0.768   1.061
 580   1.083   0.765   1.082   1.053   0.767   1.064
 581   1.083   0.764   1.082   1.058   0.767   1.058
 582   1.082   0.766   1.082   1.058   0.768   1.059
 583   1.084   0.766   1.083   1.026   0.768   1.031
 584   1.083   0.764   1.083   1.029   0.767   1.032
 585   1.083   0.762   1.083   1.032   0.767   1.027
 586   1.083   0.767   1.082   1.058   0.770   1.061
 587   1.084   0.766   1.083   1.060   0.768   1.058
 588   1.082   0.765   1.083   1.056   0.768   1.052
 589   1.083   0.765   1.083   1.058   0.768   1.062
 590   1.083   0.765   1.084   1.031   0.768   1.033
 591   1.084   0.765   1.084   1.031   0.768   1.032
 592   1.084   0.763   1.083   1.064   0.768   1.060
 593   1.084   0.765   1.084   1.058   0.769   1.060
 594   1.083   0.765   1.083   1.056   0.768   1.061
 595   1.083   0.764   1.084   1.066   0.767   1.059
 596   1.084   0.765   1.084   1.060   0.767   1.063
 597   1.085   0.765   1.085   1.028   0.768   1.030
 598   1.084   0.765   1.084   1.026   0.767   1.032
 599   1.085   0.764   1.084   1.028   0.766   1.036
 600   1.084   0.765   1.084   1.059   0.768   1.063
 601   1.085   0.766   1.084   1.059   0.767   1.059
 602   1.084   0.765   1.084   1.062   0.769   1.061
 603   1.085   0.763   1.085   1.058   0.767   1.063
 604   1.084   0.765   1.084   1.059   0.767   1.062
 605   1.084   0.764   1.085   1.061   0.767   1.057
 606   1.084   0.764   1.085   1.062   0.768   1.062
 607   1.085   0.764   1.085   1.057   0.768   1.061
 608   1.085   0.765   1.084   1.057   0.767   1.058
 609   1.086   0.765   1.085   1.032   0.767   1.039
 610   1.086   0.764   1.085   1.035   0.768   1.027
 611   1.086   0.765   1.085   1.060   0.768   1.059
 612   1.084   0.765   1.085   1.056   0.767   1.056
 613   1.086   0.765   1.086   1.063   0.766   1.063
 614   1.086   0.764   1.086   1.026   0.767   1.031
 615   1.086   0.765   1.086   1.060   0.768   1.058
 616   1.085   0.765   1.085   1.029   0.767   1.038
 617   1.087   0.764   1.086   1.036   0.766   1.041
 618   1.086   0.766   1.086   1.033   0.767   1.039
 619   1.086   0.766   1.086   1.061   0.769   1.062
 620   1.086   0.765   1.086   1.060   0.767   1.060
 621   1.086   0.764   1.086   1.059   0.767   1.057
 622   1.086   0.766   1.086   1.061   0.768   1.059
 623   1.087   0.765   1.087   1.037   0.766   1.038
 624   1.087   0.764   1.087   1.030   0.767   1.045
 625   1.087   0.763   1.087   1.032   0.767   1.043
 626   1.086   0.766   1.086   1.058   0.767   1.061
 627   1.088   0.765   1.088   1.031   0.768   1.040
 628   1.086   0.765   1.086   1.062   0.768   1.057
 629   1.087   0.765   1.087   1.064   0.768   1.062
 630   1.087   0.766   1.087   1.059   0.767   1.060
 631   1.088   0.765   1.088   1.056   0.766   1.058
 632   1.087   0.763   1.086   1.058   0.767   1.061
 633   1.088   0.765   1.087   1.059   0.768   1.059
 634   1.087   0.766   1.087   1.058   0.767   1.057
 635   1.088   0.765   1.088   1.059   0.768   1.057
 636   1.087   0.764   1.087   1.059   0.767   1.060
 637   1.089   0.766   1.088   1.060   0.767   1.062
 638   1.088   0.765   1.087   1.056   0.767   1.057
 639   1.088   0.764   1.088   1.065   0.768   1.061
 640   1.088   0.764   1.088   1.055   0.768   1.059
 641   1.089   0.765   1.089   1.028   0.767   1.043
 642   1.088   0.767   1.087   1.062   0.768   1.059
 643   1.089   0.763   1.089   1.059   0.768   1.059
 644   1.089   0.766   1.089   1.030   0.767   1.035
 645   1.089   0.766   1.089   1.034   0.768   1.035
 646   1.088   0.764   1.088   1.058   0.767   1.058
 647   1.089   0.763   1.089   1.057   0.767   1.060
 648   1.088   0.764   1.088   1.056   0.767   1.057
 649   1.088   0.765   1.088   1.059   0.765   1.059
 650   1.088   0.765   1.088   1.057   0.767   1.059
 651   1.089   0.765   1.089   1.057   0.767   1.054
 652   1.088   0.765   1.089   1.061   0.768   1.055
 653   1.089   0.765   1.089   1.059   0.767   1.058
 654   1.089   0.763   1.089   1.058   0.768   1.052
 655   1.089   0.764   1.089   1.060   0.766   1.055
 656   1.089   0.765   1.089   1.060   0.767   1.057
 657   1.089   0.764   1.089   1.057   0.767   1.056
 658   1.089   0.766   1.089   1.060   0.768   1.055
 659   1.089   0.765   1.089   1.065   0.767   1.056
 660   1.089   0.766   1.089   1.059   0.767   1.056
 661   1.090   0.764   1.090   1.056   0.767   1.051
 662   1.089   0.765   1.089   1.063   0.768   1.055
 663   1.090   0.764   1.090   1.060   0.767   1.060
 664   1.090   0.764   1.090   1.055   0.767   1.055
 665   1.091   0.762   1.090   1.057   0.766   1.053
 666   1.090   0.766   1.090   1.060   0.768   1.055
 667   1.090   0.764   1.090   1.055   0.766   1.052
 668   1.090   0.764   1.090   1.057   0.766   1.053
 669   1.090   0.764   1.090   1.056   0.767   1.054
 670   1.090   0.765   1.090   1.055   0.767   1.051
 671   1.090   0.765   1.090   1.053   0.766   1.050
 672   1.090   0.763   1.090   1.034   0.767   1.046
 673   1.092   0.765   1.091   1.061   0.767   1.055
 674   1.091   0.766   1.091   1.052   0.768   1.049
 675   1.092   0.764   1.091   1.040   0.768   1.046
 676   1.091   0.764   1.091   1.041   0.767   1.045
 677   1.091   0.765   1.091   1.057   0.766   1.055
 678   1.090   0.766   1.090   1.056   0.768   1.051
 679   1.092   0.763   1.091   1.056   0.767   1.055
 680   1.092   0.765   1.091   1.038   0.767   1.047
 681   1.092   0.765   1.092   1.042   0.767   1.045
 682   1.091   0.764   1.091   1.057   0.767   1.051
 683   1.093   0.763   1.092   1.058   0.766   1.055
 684   1.092   0.765   1.092   1.045   0.767   1.047
 685   1.092   0.765   1.092   1.058   0.767   1.050
 686   1.092   0.763   1.091   1.058   0.767   1.050
 687   1.093   0.763   1.093   1.057   0.767   1.056
 688   1.092   0.765   1.092   1.044   0.767   1.048
 689   1.092   0.765   1.092   1.058   0.767   1.050
 690   1.093   0.763   1.092   1.056   0.768   1.055
 691   1.092   0.765   1.092   1.057   0.767   1.053
 692   1.092   0.765   1.092   1.057   0.768   1.051
 693   1.092   0.764   1.092   1.062   0.767   1.058
 694   1.092   0.763   1.092   1.057   0.767   1.055
 695   1.093   0.764   1.093   1.056   0.767   1.053
 696   1.093   0.765   1.092   1.055   0.767   1.059
 697   1.092   0.763   1.092   1.058   0.766   1.055
 698   1.092   0.765   1.092   1.054   0.767   1.049
 699   1.093   0.765   1.093   1.062   0.768   1.053
 700   1.094   0.765   1.093   1.053   0.768   1.055
 701   1.094   0.762   1.093   1.044   0.767   1.049
 702   1.093   0.765   1.093   1.038   0.767   1.052
 703   1.093   0.764   1.093   1.054   0.767   1.058
 704   1.093   0.764   1.092   1.052   0.766   1.054
 705   1.094   0.763   1.094   1.046   0.767   1.046
 706   1.093   0.765   1.092   1.058   0.768   1.059
 707   1.094   0.766   1.094   1.055   0.767   1.056
 708   1.093   0.765   1.093   1.054   0.767   1.055
 709   1.094   0.765   1.094   1.057   0.766   1.054
 710   1.094   0.765   1.094   1.052   0.766   1.054
 711   1.094   0.765   1.094   1.045   0.766   1.050
 712   1.094   0.762   1.093   1.042   0.766   1.045
 713   1.094   0.764   1.094   1.054   0.767   1.058
 714   1.094   0.765   1.094   1.053   0.767   1.056
 715   1.094   0.763   1.094   1.047   0.766   1.048
 716   1.093   0.765   1.093   1.058   0.768   1.057
 717   1.095   0.765   1.095   1.052   0.767   1.059
 718   1.093   0.765   1.093   1.052   0.767   1.057
 719   1.094   0.764   1.094   1.060   0.767   1.055
 720   1.095   0.766   1.094   1.055   0.767   1.060
 721   1.095   0.765   1.095   1.043   0.767   1.047
 722   1.094   0.765   1.094   1.039   0.767   1.052
 723   1.095   0.762   1.095   1.057   0.766   1.060
 724   1.094   0.765   1.094   1.057   0.768   1.059
 725   1.095   0.765   1.095   1.057   0.767   1.054
 726   1.095   0.764   1.094   1.057   0.767   1.058
 727   1.095   0.764   1.095   1.045   0.766   1.050
 728   1.095   0.765   1.095   1.054   0.767   1.056
 729   1.095   0.765   1.095   1.064   0.767   1.057
 730   1.095   0.764   1.094   1.055   0.767   1.055
 731   1.095   0.764   1.095   1.054   0.766   1.055
 732   1.096   0.765   1.095   1.064   0.768   1.055
 733   1.096   0.764   1.096   1.043   0.767   1.050
 734   1.095   0.763   1.095   1.055   0.767   1.056
 735   1.096   0.765   1.096   1.057   0.767   1.054
 736   1.095   0.765   1.094   1.056   0.767   1.061
 737   1.096   0.763   1.096   1.042   0.767   1.047
 738   1.096   0.765   1.095   1.055   0.767   1.057
 739   1.096   0.765   1.096   1.057   0.767   1.057
 740   1.096   0.765   1.096   1.045   0.767   1.054
 741   1.096   0.762   1.096   1.054   0.766   1.057
 742   1.096   0.766   1.095   1.051   0.766   1.052
 743   1.096   0.765   1.096   1.060   0.767   1.059
 744   1.096   0.764   1.096   1.053   0.767   1.052
 745   1.096   0.762   1.096   1.056   0.766   1.055
 746   1.096   0.764   1.095   1.048   0.767   1.056
 747   1.096   0.765   1.096   1.055   0.767   1.057
 748   1.097   0.763   1.096   1.056   0.767   1.054
 749   1.096   0.765   1.096   1.058   0.767   1.059
 750   1.097   0.765   1.096   1.042   0.767   1.051
 751   1.097   0.764   1.097   1.046   0.766   1.049
 752   1.097   0.762   1.096   1.059   0.767   1.055
 753   1.097   0.765   1.097   1.057   0.767   1.057
 754   1.097   0.765   1.096   1.051   0.767   1.048
 755   1.097   0.764   1.097   1.055   0.767   1.059
 756   1.097   0.764   1.096   1.050   0.767   1.048
 757   1.098   0.765   1.097   1.047   0.766   1.050
 758   1.097   0.764   1.096   1.047   0.766   1.050
 759   1.097   0.763   1.097   1.049   0.766   1.048
 760   1.097   0.765   1.097   1.054   0.767   1.059
 761   1.097   0.765   1.097   1.060   0.767   1.057
 762   1.097   0.764   1.096   1.046   0.767   1.049
 763   1.098   0.763   1.097   1.051   0.767   1.050
 764   1.097   0.764   1.096   1.057   0.766   1.058
 765   1.097   0.765   1.097   1.059   0.767   1.055
 766   1.097   0.763   1.097   1.057   0.767   1.061
 767   1.098   0.763   1.098   1.056   0.767   1.058
 768   1.097   0.764   1.097   1.057   0.767   1.055
 769   1.098   0.764   1.097   1.057   0.767   1.056
 770   1.098   0.763   1.097   1.055   0.767   1.058
 771   1.098   0.765   1.098   1.054   0.767   1.056
 772   1.098   0.764   1.097   1.056   0.766   1.054
 773   1.098   0.764   1.098   1.051   0.766   1.056
 774   1.098   0.763   1.098   1.056   0.767   1.054
 775   1.098   0.764   1.098   1.053   0.767   1.054
 776   1.098   0.765   1.097   1.053   0.766   1.057
 777   1.098   0.764   1.097   1.058   0.766   1.058
 778   1.098   0.766   1.097   1.059   0.767   1.059
 779   1.098   0.765   1.097   1.060   0.767   1.056
 780   1.099   0.764   1.098   1.056   0.766   1.063
 781   1.099   0.763   1.099   1.055   0.766   1.054
 782   1.098   0.764   1.098   1.058   0.767   1.053
 783   1.098   0.765   1.098   1.056   0.767   1.061
 784   1.098   0.764   1.098   1.036   0.766   1.043
 785   1.099   0.763   1.098   1.056   0.766   1.053
 786   1.098   0.765   1.098   1.056   0.767   1.059
 787   1.100   0.765   1.099   1.056   0.767   1.057
 788   1.098   0.764   1.098   1.059   0.767   1.061
 789   1.099   0.765   1.098   1.034   0.766   1.042
 790   1.100   0.765   1.099   1.032   0.766   1.037
 791   1.099   0.764   1.099   1.029   0.766   1.045
 792   1.099   0.762   1.098   1.034   0.766   1.040
 793   1.099   0.765   1.099   1.033   0.767   1.039
 794   1.100   0.765   1.099   1.041   0.768   1.043
 795   1.100   0.764   1.099   1.037   0.768   1.044
 796   1.099   0.764   1.099   1.039   0.767   1.042
 797   1.100   0.764   1.100   1.034   0.767   1.045
 798   1.099   0.765   1.099   1.038   0.767   1.043
 799   1.099   0.763   1.098   1.059   0.766   1.058
 800   1.099   0.765   1.099   1.059   0.766   1.060
 801   1.100   0.765   1.099   1.057   0.767   1.057
 802   1.099   0.764   1.099   1.058   0.767   1.057
 803   1.100   0.763   1.100   1.057   0.767   1.059
 804   1.100   0.764   1.099   1.056   0.767   1.056
 805   1.100   0.765   1.100   1.057   0.767   1.054
 806   1.098   0.763   1.098   1.056   0.766   1.061
 807   1.100   0.763   1.100   1.058   0.767   1.060
 808   1.099   0.765   1.098   1.058   0.766   1.059
 809   1.100   0.764   1.098   1.057   0.766   1.060
 810   1.099   0.763   1.099   1.054   0.766   1.060
 811   1.100   0.765   1.099   1.057   0.767   1.056
 812   1.099   0.765   1.098   1.059   0.767   1.057
 813   1.100   0.764   1.100   1.059   0.766   1.061
 814   1.099   0.762   1.100   1.060   0.766   1.055
 815   1.100   0.764   1.100   1.058   0.767   1.056
 816   1.099   0.765   1.099   1.058   0.766   1.059
 817   1.100   0.763   1.099   1.056   0.767   1.060
 818   1.100   0.765   1.099   1.058   0.766   1.057
 819   1.100   0.764   1.100   1.060   0.768   1.056
 820   1.100   0.765   1.100   1.056   0.767   1.058
 821   1.100   0.764   1.099   1.057   0.766   1.058
 822   1.099   0.764   1.099   1.060   0.767   1.058
 823   1.101   0.764   1.101   1.057   0.766   1.060
 824   1.100   0.763   1.100   1.058   0.767   1.059
 825   1.100   0.763   1.100   1.058   0.766   1.057
 826   1.100   0.765   1.099   1.063   0.768   1.062
 827   1.101   0.765   1.101   1.062   0.768   1.057
 828   1.100   0.764   1.100   1.059   0.767   1.060
 829   1.100   0.764   1.101   1.064   0.765   1.060
 830   1.100   0.765   1.099   1.053   0.767   1.058
 831   1.100   0.764   1.100   1.053   0.766   1.053
 832   1.100   0.764   1.099   1.052   0.767   1.055
 833   1.101   0.765   1.101   1.058   0.767   1.060
 834   1.101   0.766   1.100   1.059   0.767   1.058
 835   1.101   0.765   1.101   1.059   0.767   1.060
 836   1.100   0.764   1.100   1.059   0.766   1.056
 837   1.100   0.765   1.100   1.054   0.767   1.059
 838   1.100   0.765   1.099   1.058   0.766   1.059
 839   1.100   0.764   1.100   1.053   0.766   1.060
 840   1.101   0.764   1.100   1.052   0.766   1.057
 841   1.102   0.765   1.101   1.054   0.766   1.058
 842   1.101   0.763   1.101   1.060   0.766   1.057
 843   1.101   0.762   1.102   1.059   0.766   1.065
 844   1.101   0.764   1.100   1.052   0.767   1.056
 845   1.101   0.765   1.101   1.051   0.766   1.057
 846   1.100   0.764   1.101   1.063   0.767   1.061
 847   1.101   0.763   1.101   1.058   0.766   1.058
 848   1.101   0.765   1.101   1.057   0.767   1.057
 849   1.101   0.764   1.103   1.034   0.766   1.030
 850   1.101   0.764   1.101   1.027   0.767   1.029
 851   1.102   0.764   1.102   1.027   0.766   1.028
 852   1.100   0.764   1.101   1.058   0.767   1.059
 853   1.102   0.765   1.101   1.056   0.766   1.063
 854   1.101   0.763   1.100   1.059   0.766   1.061
 855   1.101   0.764   1.101   1.055   0.766   1.057
 856   1.101   0.764   1.101   1.055   0.766   1.056
 857   1.102   0.764   1.101   1.052   0.765   1.055
 858   1.101   0.764   1.103   1.058   0.766   1.061
 859   1.101   0.764   1.101   1.059   0.766   1.059
 860   1.102   0.764   1.101   1.050   0.765   1.058
 861   1.102   0.764   1.101   1.051   0.767   1.058
 862   1.101   0.765   1.102   1.054   0.767   1.057
 863   1.103   0.764   1.102   1.064   0.767   1.061
 864   1.101   0.764   1.102   1.052   0.766   1.056
 865   1.102   0.763   1.102   1.058   0.766   1.058
 866   1.102   0.765   1.102   1.060   0.767   1.058
 867   1.103   0.764   1.102   1.058   0.768   1.059
 868   1.103   0.763   1.103   1.056   0.766   1.059
 869   1.102   0.765   1.102   1.057   0.766   1.057
 870   1.102   0.764   1.101   1.059   0.767   1.060
 871   1.102   0.764   1.102   1.054   0.766   1.058
 872   1.102   0.764   1.102   1.054   0.766   1.058
 873   1.102   0.765   1.102   1.053   0.766   1.057
 874   1.103   0.765   1.102   1.026   0.767   1.026
 875   1.103   0.764   1.103   1.029   0.766   1.028
 876   1.103   0.764   1.102   1.064   0.766   1.062
 877   1.104   0.764   1.104   1.031   0.766   1.031
 878   1.103   0.765   1.102   1.029   0.767   1.028
 879   1.103   0.764   1.104   1.063   0.767   1.059
 880   1.102   0.764   1.102   1.060   0.766   1.060
 881   1.104   0.765   1.104   1.029   0.766   1.030
 882   1.103   0.764   1.103   1.030   0.767   1.027
 883   1.104   0.763   1.102   1.061   0.766   1.064
 884   1.103   0.765   1.105   1.060   0.767   1.058
 885   1.103   0.765   1.103   1.061   0.767   1.059
 886   1.103   0.764   1.102   1.059   0.766   1.061
 887   1.104   0.764   1.104   1.056   0.766   1.059
 888   1.103   0.765   1.102   1.055   0.766   1.059
 889   1.103   0.765   1.104   1.055   0.766   1.058
 890   1.103   0.764   1.102   1.052   0.767   1.059
 891   1.104   0.764   1.103   1.053   0.766   1.058
 892   1.103   0.765   1.103   1.053   0.766   1.059
 893   1.104   0.764   1.104   1.061   0.766   1.065
 894   1.103   0.763   1.103   1.054   0.766   1.056
 895   1.104   0.765   1.104   1.059   0.766   1.059
 896   1.103   0.765   1.103   1.052   0.767   1.057
 897   1.104   0.764   1.103   1.060   0.768   1.061
 898   1.103   0.765   1.103   1.059   0.767   1.063
 899   1.104   0.764   1.105   1.030   0.767   1.031
 900   1.104   0.764   1.105   1.030   0.766   1.030
 901   1.105   0.763   1.105   1.058   0.767   1.058
 902   1.104   0.765   1.104   1.059   0.767   1.058
 903   1.104   0.764   1.106   1.057   0.766   1.059
 904   1.104   0.764   1.104   1.053   0.766   1.057
 905   1.104   0.763   1.104   1.029   0.766   1.028
 906   1.104   0.765   1.104   1.031   0.766   1.032
 907   1.106   0.764   1.104   1.028   0.766   1.032
 908   1.105   0.764   1.105   1.057   0.766   1.057
 909   1.104   0.764   1.104   1.037   0.766   1.032
 910   1.104   0.765   1.105   1.056   0.766   1.059
 911   1.105   0.764   1.105   1.030   0.767   1.030
 912   1.105   0.763   1.104   1.033   0.766   1.028
 913   1.106   0.765   1.107   1.055   0.766   1.060
 914   1.104   0.766   1.104   1.060   0.767   1.060
 915   1.104   0.764   1.105   1.056   0.767   1.060
 916   1.104   0.765   1.104   1.060   0.766   1.060
 917   1.106   0.764   1.106   1.058   0.767   1.059
 918   1.105   0.765   1.104   1.057   0.766   1.059
 919   1.105   0.764   1.105   1.059   0.766   1.060
 920   1.105   0.765   1.106   1.057   0.766   1.063
 921   1.105   0.765   1.106   1.058   0.767   1.058
 922   1.105   0.764   1.105   1.063   0.768   1.059
 923   1.107   0.763   1.105   1.062   0.767   1.065
 924   1.105   0.765   1.105   1.056   0.767   1.060
 925   1.106   0.766   1.105   1.057   0.767   1.059
 926   1.105   0.764   1.105   1.063   0.767   1.064
 927   1.106   0.764   1.106   1.060   0.766   1.063
 928   1.105   0.765   1.105   1.054   0.767   1.057
 929   1.105   0.764   1.106   1.053   0.767   1.058
 930   1.107   0.764   1.107   1.051   0.767   1.059
 931   1.106   0.765   1.105   1.055   0.767   1.058
 932   1.105   0.766   1.106   1.056   0.768   1.057
 933   1.106   0.764   1.106   1.055   0.766   1.064
 934   1.116   0.766   1.108   1.062   0.766   1.061
 935   1.106   0.764   1.106   1.059   0.767   1.059
 936   1.105   0.765   1.105   1.059   0.766   1.060
 937   1.107   0.764   1.107   1.027   0.766   1.035
 938   1.106   0.764   1.106   1.057   0.766   1.055
 939   1.107   0.765   1.107   1.036   0.766   1.042
 940   1.107   0.764   1.106   1.060   0.766   1.065
 941   1.107   0.764   1.106   1.061   0.767   1.061
 942   1.106   0.765   1.106   1.037   0.768   1.052
 943   1.107   0.764   1.107   1.042   0.766   1.053
 944   1.107   0.765   1.106   1.043   0.766   1.051
 945   1.108   0.762   1.108   1.043   0.766   1.056
 946   1.106   0.765   1.107   1.049   0.767   1.053
 947   1.108   0.766   1.109   1.049   0.767   1.054
 948   1.109   0.764   1.107   1.047   0.767   1.054
 949   1.108   0.765   1.107   1.050   0.766   1.055
 950   1.106   0.766   1.106   1.062   0.767   1.063
 951   1.109   0.764   1.108   1.058   0.766   1.058
 952   1.107   0.763   1.107   1.062   0.766   1.058
 953   1.109   0.764   1.108   1.060   0.766   1.063
 954   1.108   0.766   1.107   1.053   0.768   1.055
 955   1.108   0.765   1.108   1.063   0.766   1.059
 956   1.107   0.765   1.107   1.065   0.767   1.062
 957   1.108   0.765   1.109   1.062   0.766   1.062
 958   1.107   0.766   1.107   1.061   0.766   1.060
 959   1.108   0.764   1.107   1.064   0.766   1.060
 960   1.108   0.765   1.109   1.060   0.767   1.061
 961   1.108   0.765   1.108   1.057   0.766   1.058
 962   1.107   0.766   1.107   1.065   0.767   1.060
 963   1.109   0.764   1.111   1.056   0.766   1.060
 964   1.108   0.765   1.108   1.060   0.767   1.058
 965   1.109   0.766   1.108   1.061   0.767   1.057
 966   1.108   0.765   1.107   1.061   0.767   1.058
 967   1.109   0.766   1.109   1.059   0.767   1.059
 968   1.107   0.765   1.107   1.060   0.767   1.061
 969   1.108   0.765   1.110   1.060   0.767   1.061
 970   1.109   0.765   1.109   1.054   0.766   1.060
 971   1.109   0.766   1.111   1.055   0.766   1.058
 972   1.109   0.765   1.110   1.063   0.767   1.069
 973   1.110   0.766   1.111   1.063   0.767   1.064
 974   1.110   0.764   1.110   1.056   0.767   1.059
 975   1.109   0.766   1.112   1.064   0.767   1.059
 976   1.108   0.766   1.110   1.049   0.767   1.060
 977   1.109   0.766   1.111   1.061   0.767   1.062
 978   1.109   0.766   1.110   1.064   0.767   1.062
 979   1.111   0.766   1.111   1.063   0.768   1.061
 980   1.109   0.766   1.111   1.041   0.767   1.053
 981   1.110   0.765   1.112   1.060   0.767   1.059
 982   1.110   0.767   1.110   1.065   0.766   1.061
 983   1.111   0.767   1.112   1.046   0.767   1.056
 984   1.110   0.766   1.111   1.046   0.767   1.055
 985   1.110   0.766   1.111   1.067   0.767   1.060
 986   1.109   0.768   1.110   1.067   0.768   1.064
 987   1.111   0.767   1.112   1.065   0.768   1.063
 988   1.112   0.766   1.111   1.062   0.768   1.061
 989   1.111   0.767   1.111   1.064   0.768   1.064
 990   1.110   0.767   1.112   1.064   0.767   1.067
 991   1.111   0.766   1.110   1.062   0.768   1.061
 992   1.109   0.766   1.111   1.066   0.767   1.060
 993   1.111   0.768   1.112   1.063   0.767   1.063
 994   1.110   0.768   1.111   1.063   0.767   1.061
 995   1.111   0.767   1.111   1.067   0.767   1.060
 996   1.110   0.767   1.110   1.069   0.768   1.051
 997   1.112   0.768   1.114   1.040   0.768   1.051
 998   1.111   0.768   1.112   1.039   0.768   1.050
 999   1.110   0.767   1.112   1.067   0.768   1.062
1000   1.111   0.768   1.111   1.063   0.767   1.062
1001   1.112   0.768   1.113   1.060   0.767   1.058
1002   1.111   0.768   1.111   1.065   0.768   1.060
1003   1.112   0.766   1.112   1.063   0.767   1.064
1004   1.111   0.768   1.113   1.063   0.767   1.058
1005   1.111   0.768   1.112   1.064   0.767   1.062
1006   1.135   0.769   1.114   1.064   0.767   1.064
1007   1.111   0.767   1.112   1.064   0.767   1.062
1008   1.111   0.767   1.111   1.062   0.767   1.062
1009   1.111   0.768   1.112   1.055   0.768   1.060
1010   1.112   0.767   1.111   1.055   0.767   1.060
1011   1.112   0.768   1.113   1.062   0.767   1.062
1012   1.111   0.768   1.112   1.065   0.768   1.060
1013   1.113   0.767   1.113   1.064   0.767   1.061
1014   1.112   0.766   1.113   1.061   0.767   1.060
1015   1.112   0.769   1.112   1.062   0.767   1.059
1016   1.111   0.768   1.112   1.059   0.768   1.065
1017   1.113   0.768   1.114   1.063   0.768   1.063
1018   1.112   0.768   1.112   1.062   0.768   1.061
1019   1.112   0.768   1.112   1.070   0.768   1.064
1020   1.112   0.768   1.113   1.061   0.768   1.064
1021   1.113   0.767   1.112   1.064   0.767   1.061
1022   1.113   0.768   1.112   1.068   0.768   1.061
1023   1.114   0.767   1.113   1.064   0.767   1.063
1024   1.112   0.767   1.112   1.063   0.768   1.063
#--- ------- ------- ------- ------- ------- -------
