#  n     IJK     IKJ     JIK     JKI     KIJ     KJI
#--- ------- ------- ------- ------- ------- -------
  16   1.154   0.848   0.793   0.830   0.812   0.818
  17   1.079   0.850   1.064   0.814   0.814   0.809
  18   1.136   0.823   0.832   0.823   0.806   0.810
  19   1.104   0.816   0.769   0.857   0.787   0.802
  20   1.075   0.813   0.838   0.800   0.800   0.800
  21   1.045   0.804   0.810   0.799   0.802   0.799
  22   1.087   0.899   0.749   0.803   0.796   0.791
  23   1.046   0.799   0.748   0.797   0.797   0.797
  24   1.063   0.808   0.743   0.801   0.807   0.821
  25   1.008   0.803   0.741   0.797   0.798   0.800
  26   0.991   0.804   0.738   0.797   0.825   0.795
  27   1.020   0.803   0.734   0.798   0.793   0.791
  28   1.009   0.814   0.733   0.806   0.797   0.802
  29   0.972   0.805   0.730   0.800   0.796   0.801
  30   1.004   0.805   0.729   0.823   0.799   0.797
  31   0.990   0.809   0.732   0.806   0.795   0.792
  32   0.986   0.804   0.729   0.806   0.797   0.797
  33   0.979   0.803   0.729   0.802   0.801   0.803
  34   0.943   0.805   0.728   0.807   0.808   0.796
  35   0.946   0.805   0.727   0.805   0.798   0.799
  36   0.943   0.804   0.727   0.804   0.796   0.796
  37   0.946   0.809   0.730   0.810   0.806   0.805
  38   0.935   0.811   0.725   0.805   0.804   0.804
  39   0.911   0.803   0.725   0.808   0.806   0.805
  40   0.920   0.804   0.724   0.805   0.801   0.801
  41   0.915   0.805   0.723   0.804   0.801   0.825
  42   0.916   0.805   0.722   0.814   0.805   0.805
  43   0.898   0.804   0.723   0.806   0.802   0.801
  44   0.906   0.807   0.726   0.820   0.801   0.800
  45   0.912   0.813   0.726   0.811   0.806   0.806
  46   0.925   0.810   0.726   0.810   0.808   0.806
  47   0.914   0.811   0.725   0.809   0.805   0.805
  48   0.916   0.805   0.721   0.807   0.806   0.807
  49   0.897   0.819   0.724   0.810   0.808   0.830
  50   0.887   0.812   0.723   0.808   0.810   0.809
  51   0.875   0.808   0.720   0.827   0.803   0.805
  52   0.890   0.811   0.724   0.811   0.815   0.807
  53   0.876   0.806   0.731   0.811   0.803   0.808
  54   0.884   0.807   0.719   0.811   0.805   0.804
  55   0.866   0.811   0.723   0.812   0.808   0.804
  56   0.878   0.812   0.718   0.808   0.823   0.807
  57   0.882   0.811   0.719   0.807   0.805   0.810
  58   0.875   0.808   0.832   0.814   0.810   0.812
  59   0.876   0.812   0.727   0.817   0.810   0.810
  60   0.869   0.813   0.722   0.813   0.810   0.805
  61   0.857   0.809   0.729   0.811   0.805   0.806
  62   0.863   0.843   0.726   0.825   0.817   0.810
  63   0.861   0.906   0.721   0.912   0.811   0.806
  64   0.861   0.811   0.723   0.815   0.948   0.814
  65   0.853   0.814   0.724   0.816   0.811   0.928
  66   0.856   0.813   0.722   0.834   0.816   0.816
  67   0.855   0.813   0.724   0.811   0.817   0.816
  68   0.857   0.813   0.760   0.826   0.812   0.826
  69   0.844   0.814   0.816   0.817   0.809   0.825
  70   0.843   0.815   0.789   0.855   0.824   0.816
  71   0.829   0.812   0.729   0.823   0.814   0.814
  72   0.836   0.827   0.728   0.815   0.819   0.817
  73   0.839   0.817   0.729   0.820   0.807   0.824
  74   0.839   0.894   0.729   0.924   0.811   0.824
  75   0.859   0.908   0.728   0.911   0.919   0.825
  76   0.822   0.812   0.729   0.842   0.888   0.904
  77   0.826   0.814   0.740   0.815   0.830   0.922
  78   0.831   0.816   0.727   0.821   0.813   0.850
  79   0.811   0.818   0.745   0.833   0.814   0.817
  80   0.858   0.858   0.796   0.905   0.809   0.838
  81   0.835   0.824   0.795   0.827   0.814   0.821
  82   0.846   0.891   0.792   0.906   0.820   0.839
  83   0.819   0.835   0.754   0.839   0.816   0.847
  84   0.817   0.817   0.763   0.851   0.817   0.849
  85   0.851   0.903   0.735   0.915   0.813   0.819
  86   0.887   0.923   0.732   0.902   0.917   0.829
  87   0.885   0.819   0.744   0.844   0.868   0.902
  88   0.910   0.816   0.752   0.837   0.829   0.876
  89   0.892   0.811   0.755   0.842   0.813   0.828
  90   0.919   0.822   0.750   0.840   0.815   0.841
  91   0.894   0.908   0.806   0.902   0.830   0.831
  92   0.872   0.880   0.837   0.894   0.897   0.825
  93   0.907   0.882   0.848   0.882   0.900   0.917
  94   0.879   0.889   0.825   0.902   0.908   0.910
  95   0.845   0.897   0.837   0.889   0.916   0.890
  96   0.837   0.866   0.823   0.900   0.918   0.918
  97   0.819   0.877   0.808   0.897   0.905   0.918
  98   0.806   0.889   0.802   0.897   0.896   0.916
  99   0.812   0.892   0.787   0.894   0.894   0.906
 100   0.800   0.873   0.768   0.901   0.883   0.906
 101   0.814   0.883   0.788   0.904   0.914   0.917
 102   0.806   0.875   0.950   0.907   0.888   0.900
 103   0.814   0.885   0.788   0.889   0.904   0.902
 104   0.818   0.864   0.781   0.894   0.890   0.903
 105   0.806   0.885   0.782   0.911   0.896   0.903
 106   0.817   0.867   0.776   0.904   0.895   0.900
 107   0.823   0.873   0.802   0.904   0.882   0.909
 108   0.822   0.870   0.781   0.888   0.895   0.901
 109   0.806   0.877   0.784   0.891   0.899   0.916
 110   0.802   0.885   0.787   0.895   0.890   0.901
 111   0.806   0.879   0.788   0.902   0.904   0.906
 112   0.807   0.871   0.778   0.899   0.903   0.916
 113   0.807   0.873   0.810   0.889   0.896   0.899
 114   0.811   0.874   0.771   0.893   0.894   0.908
 115   0.867   0.874   0.777   0.893   0.886   0.901
 116   0.805   0.878   0.798   0.891   0.892   0.904
 117   0.810   0.871   0.795   0.883   0.890   0.904
 118   0.804   0.864   0.778   0.898   0.892   0.905
 119   0.804   0.879   0.785   0.905   0.890   0.899
 120   0.799   0.878   0.775   0.881   0.887   0.895
 121   0.827   0.865   0.797   0.903   0.881   0.883
 122   0.802   0.865   0.786   0.888   0.882   0.898
 123   0.798   0.866   0.777   0.879   0.887   0.892
 124   0.814   0.873   0.788   0.891   0.881   0.897
 125   0.803   0.858   0.788   0.888   0.885   0.893
 126   0.807   0.867   0.780   0.898   0.889   0.898
 127   0.800   0.859   0.782   0.887   0.886   0.896
 128   0.806   0.871   0.774   0.888   0.877   0.897
 129   0.798   0.865   0.784   0.885   0.885   0.891
 130   0.809   0.862   0.793   0.903   0.880   0.891
 131   0.812   0.875   0.796   0.901   0.876   0.890
 132   0.816   0.878   0.790   0.886   0.882   0.887
 133   0.788   0.869   0.805   0.896   0.888   0.900
 134   0.804   0.874   0.786   0.896   0.880   0.900
 135   0.824   0.865   0.781   0.880   0.881   0.896
 136   0.796   0.860   0.796   0.893   0.877   0.896
 137   0.800   0.860   0.806   0.916   0.878   0.914
 138   0.812   0.871   0.776   0.891   0.879   0.910
 139   0.806   0.864   0.790   0.917   0.878   0.923
 140   0.795   0.862   0.802   0.896   0.892   0.892
 141   0.800   0.863   0.802   0.921   0.872   0.919
 142   0.802   0.863   0.793   0.919   0.887   0.928
 143   0.791   0.868   0.804   0.917   0.881   0.915
 144   0.804   0.867   0.797   0.921   0.877   0.923
 145   0.797   0.869   0.791   0.923   0.873   0.913
 146   0.800   0.863   0.792   0.896   0.874   0.900
 147   0.799   0.864   0.807   0.921   0.874   0.921
 148   0.804   0.862   0.792   0.909   0.879   0.922
 149   0.807   0.867   0.798   0.901   0.871   0.894
 150   0.797   0.858   0.792   0.893   0.870   0.921
 151   0.800   0.858   0.797   0.924   0.875   0.925
 152   0.819   0.855   0.804   0.911   0.873   0.919
 153   0.786   0.861   0.789   0.904   0.875   0.901
 154   0.805   0.862   0.796   0.921   0.871   0.912
 155   0.802   0.858   0.790   0.912   0.873   0.928
 156   0.802   0.855   0.793   0.900   0.881   0.901
 157   0.794   0.858   0.797   0.923   0.870   0.926
 158   0.797   0.861   0.800   0.930   0.865   0.927
 159   0.802   0.864   0.800   0.931   0.874   0.925
 160   0.808   0.864   0.800   0.937   0.869   0.931
 161   0.796   0.856   0.798   0.916   0.868   0.932
 162   0.798   0.856   0.805   0.929   0.869   0.918
 163   0.797   0.853   0.812   0.936   0.868   0.915
 164   0.805   0.860   0.800   0.904   0.868   0.919
 165   0.799   0.850   0.803   0.905   0.866   0.914
 166   0.805   0.861   0.800   0.933   0.866   0.926
 167   0.823   0.857   0.799   0.933   0.871   0.933
 168   0.801   0.863   0.812   0.935   0.866   0.940
 169   0.799   0.859   0.810   0.935   0.873   0.939
 170   0.800   0.860   0.802   0.903   0.865   0.914
 171   0.795   0.861   0.801   0.941   0.868   0.937
 172   0.804   0.854   0.796   0.927   0.871   0.913
 173   0.802   0.860   0.807   0.942   0.870   0.937
 174   0.798   0.861   0.807   0.896   0.870   0.936
 175   0.802   0.855   0.801   0.938   0.865   0.933
 176   0.802   0.862   0.808   0.915   0.867   0.941
 177   0.803   0.861   0.816   0.943   0.867   0.944
 178   0.794   0.859   0.804   0.942   0.868   0.921
 179   0.795   0.854   0.792   0.905   0.863   0.903
 180   0.811   0.860   0.809   0.924   0.861   0.922
 181   0.802   0.856   0.807   0.946   0.865   0.943
 182   0.805   0.856   0.808   0.902   0.871   0.910
 183   0.803   0.857   0.806   0.942   0.869   0.910
 184   0.805   0.857   0.812   0.945   0.868   0.927
 185   0.802   0.857   0.799   0.926   0.865   0.932
 186   0.805   0.855   0.802   0.927   0.869   0.901
 187   0.802   0.857   0.806   0.905   0.865   0.921
 188   0.800   0.858   0.802   0.948   0.865   0.928
 189   0.801   0.860   0.802   0.921   0.867   0.914
 190   0.801   0.859   0.806   0.930   0.862   0.935
 191   0.803   0.856   0.804   0.944   0.866   0.925
 192   0.798   0.858   0.804   0.943   0.871   0.945
 193   0.799   0.862   0.804   0.931   0.869   0.926
 194   0.801   0.859   0.802   0.948   0.869   0.947
 195   0.801   0.863   0.807   0.947   0.867   0.924
 196   0.803   0.857   0.809   0.940   0.871   0.925
 197   0.807   0.859   0.808   0.949   0.873   0.946
 198   0.806   0.861   0.807   0.912   0.871   0.920
 199   0.797   0.860   0.809   0.948   0.870   0.938
 200   0.805   0.863   0.806   0.951   0.872   0.935
 201   0.805   0.859   0.809   0.950   0.870   0.931
 202   0.811   0.857   0.812   0.937   0.871   0.951
 203   0.802   0.864   0.809   0.951   0.872   0.917
 204   0.797   0.859   0.810   0.939   0.871   0.929
 205   0.801   0.862   0.810   0.939   0.869   0.941
 206   0.799   0.858   0.796   0.906   0.868   0.952
 207   0.809   0.857   0.810   0.947   0.870   0.943
 208   0.806   0.864   0.811   0.906   0.872   0.925
 209   0.805   0.858   0.808   0.939   0.868   0.932
 210   0.810   0.860   0.812   0.957   0.872   0.956
 211   0.806   0.858   0.811   0.953   0.870   0.928
 212   0.804   0.861   0.815   0.941   0.869   0.951
 213   0.820   0.862   0.807   0.951   0.869   0.951
 214   0.807   0.857   0.810   0.955   0.874   0.936
 215   0.808   0.860   0.810   0.928   0.870   0.948
 216   0.801   0.863   0.809   0.956   0.868   0.933
 217   0.824   0.865   0.811   0.944   0.870   0.958
 218   0.805   0.861   0.808   0.934   0.869   0.955
 219   0.806   0.861   0.812   0.938   0.869   0.951
 220   0.805   0.863   0.814   0.954   0.870   0.941
 221   0.805   0.862   0.813   0.933   0.866   0.956
 222   0.804   0.859   0.811   0.946   0.872   0.941
 223   0.809   0.861   0.810   0.951   0.869   0.951
 224   0.811   0.860   0.816   0.953   0.875   0.955
 225   0.812   0.860   0.814   0.941   0.872   0.950
 226   0.809   0.861   0.815   0.958   0.869   0.961
 227   0.808   0.862   0.815   0.953   0.871   0.956
 228   0.808   0.861   0.813   0.960   0.873   0.959
 229   0.809   0.860   0.814   0.958   0.872   0.956
 230   0.813   0.862   0.814   0.959   0.872   0.958
 231   0.808   0.864   0.812   0.943   0.872   0.955
 232   0.810   0.861   0.813   0.960   0.876   0.956
 233   0.812   0.863   0.811   0.961   0.874   0.965
 234   0.812   0.862   0.814   0.961   0.873   0.958
 235   0.807   0.864   0.819   0.959   0.872   0.959
 236   0.808   0.863   0.816   0.962   0.873   0.953
 237   0.812   0.865   0.817   0.953   0.872   0.951
 238   0.812   0.861   0.814   0.960   0.875   0.964
 239   0.811   0.862   0.815   0.960   0.872   0.957
 240   0.807   0.862   0.816   0.966   0.872   0.948
 241   0.814   0.864   0.819   0.968   0.874   0.970
 242   0.813   0.864   0.818   0.960   0.874   0.946
 243   0.813   0.866   0.819   0.956   0.873   0.945
 244   0.813   0.864   0.817   0.950   0.873   0.965
 245   0.827   0.861   0.820   0.964   0.874   0.962
 246   0.810   0.863   0.816   0.961   0.875   0.959
 247   0.811   0.863   0.820   0.960   0.874   0.958
 248   0.814   0.863   0.820   0.963   0.875   0.964
 249   0.813   0.866   0.820   0.967   0.873   0.965
 250   0.814   0.863   0.819   0.962   0.874   0.965
 251   0.812   0.862   0.817   0.964   0.873   0.964
 252   0.811   0.863   0.818   0.964   0.874   0.964
 253   0.814   0.864   0.816   1.004   0.874   0.964
 254   0.811   0.864   0.818   0.948   0.873   0.964
 255   0.814   0.861   0.818   0.964   0.872   0.948
 256   0.828   0.868   0.824   0.968   0.874   0.967
 257   0.836   0.870   0.829   0.971   0.875   0.972
 258   0.833   0.870   0.828   0.970   0.875   0.968
 259   0.837   0.864   0.824   0.965   0.869   0.964
 260   0.840   0.865   0.824   0.969   0.875   0.974
 261   0.842   0.868   0.829   0.974   0.875   0.973
 262   0.846   0.870   0.828   0.971   0.877   0.970
 263   0.844   0.871   0.829   0.972   0.875   0.969
 264   0.857   0.876   0.837   0.972   0.876   0.971
 265   0.858   0.871   0.835   0.973   0.876   0.974
 266   0.854   0.872   0.835   0.967   0.874   0.966
 267   0.856   0.870   0.835   0.968   0.879   0.966
 268   0.858   0.869   0.841   0.969   0.874   0.965
 269   0.858   0.874   0.834   0.968   0.874   0.966
 270   0.858   0.870   0.835   0.965   0.874   1.001
 271   0.859   0.869   0.834   0.967   0.877   0.965
 272   0.876   0.870   0.844   0.969   0.877   0.968
 273   0.880   0.874   0.846   0.972   0.875   0.973
 274   0.881   0.872   0.847   0.971   0.877   0.969
 275   0.880   0.874   0.846   0.973   0.878   0.967
 276   0.883   0.874   0.847   0.972   0.877   0.971
 277   0.879   0.874   0.845   0.970   0.878   0.969
 278   0.881   0.872   0.847   0.969   0.877   0.970
 279   0.882   0.871   0.847   0.969   0.876   0.968
 280   0.892   0.871   0.856   0.973   0.875   0.969
 281   0.892   0.876   0.856   0.972   0.875   0.972
 282   0.896   0.873   0.857   0.973   0.876   0.972
 283   0.897   0.876   0.857   0.972   0.877   0.971
 284   0.897   0.874   0.856   0.972   0.876   0.971
 285   0.896   0.875   0.858   0.971   0.877   0.969
 286   0.894   0.872   0.855   0.969   0.877   0.967
 287   0.895   0.873   0.857   0.970   0.876   0.970
 288   0.898   0.876   0.861   0.972   0.877   0.971
 289   0.900   0.878   0.864   0.977   0.879   0.975
 290   0.901   0.875   0.864   0.976   0.879   0.973
 291   0.901   0.875   0.865   0.975   0.880   0.971
 292   0.902   0.876   0.864   0.975   0.879   0.975
 293   0.901   0.877   0.863   0.975   0.878   0.973
 294   0.900   0.877   0.863   0.973   0.882   0.972
 295   0.899   0.876   0.863   0.973   0.881   0.971
 296   0.902   0.878   0.867   0.978   0.878   0.973
 297   0.903   0.879   0.869   0.977   0.883   0.977
 298   0.904   0.880   0.866   0.976   0.879   0.978
 299   0.901   0.877   0.868   0.974   0.879   0.974
 300   0.904   0.877   0.867   0.977   0.878   0.975
 301   0.902   0.878   0.868   0.976   0.880   0.974
 302   0.903   0.880   0.867   0.973   0.880   0.972
 303   0.902   0.877   0.867   0.974   0.880   0.972
 304   0.904   0.878   0.872   0.975   0.879   0.978
 305   0.903   0.878   0.873   0.980   0.880   0.978
 306   0.906   0.878   0.872   0.979   0.882   0.977
 307   0.906   0.878   0.872   0.980   0.882   0.977
 308   0.905   0.878   0.872   0.979   0.880   0.978
 309   0.905   0.877   0.871   0.979   0.882   0.978
 310   0.904   0.880   0.872   0.976   0.879   0.976
 311   0.904   0.878   0.871   0.976   0.880   0.975
 312   0.906   0.880   0.875   0.979   0.880   0.980
 313   0.907   0.881   0.876   0.979   0.882   0.978
 314   0.907   0.880   0.875   0.977   0.883   0.979
 315   0.908   0.879   0.874   0.978   0.882   0.979
 316   0.909   0.879   0.873   0.978   0.882   0.980
 317   0.907   0.878   0.874   0.979   0.881   0.977
 318   0.907   0.878   0.872   0.977   0.880   0.977
 319   0.905   0.877   0.872   0.978   0.880   0.978
 320   0.909   0.879   0.881   0.981   0.880   0.986
 321   0.910   0.883   0.882   0.984   0.882   0.985
 322   0.912   0.880   0.880   0.983   0.882   0.981
 323   0.913   0.881   0.880   0.983   0.881   0.984
 324   0.912   0.880   0.880   0.981   0.880   0.984
 325   0.910   0.880   0.879   0.983   0.881   0.984
 326   0.910   0.881   0.878   0.980   0.881   0.983
 327   0.911   0.881   0.878   0.980   0.880   0.983
 328   0.914   0.880   0.884   0.981   0.881   0.984
 329   0.914   0.882   0.884   0.984   0.880   0.987
 330   0.913   0.878   0.879   0.981   0.882   0.987
 331   0.913   0.882   0.886   0.985   0.885   0.989
 332   0.913   0.884   0.890   1.001   0.896   1.007
 333   0.924   0.888   0.891   0.995   0.888   0.998
 334   0.922   0.890   0.890   0.994   0.887   0.996
 335   0.919   0.889   0.890   0.994   0.887   0.998
 336   0.926   0.889   0.898   0.996   0.888   0.999
 337   0.926   0.889   0.898   0.997   0.889   1.000
 338   0.925   0.890   0.897   0.995   0.888   0.999
 339   0.927   0.889   0.896   0.996   0.889   0.999
 340   0.926   0.888   0.900   1.001   0.889   0.999
 341   0.926   0.890   0.897   0.996   0.887   1.000
 342   0.927   0.890   0.895   0.996   0.887   0.999
 343   0.926   0.889   0.897   0.994   0.888   0.998
 344   0.930   0.889   0.902   0.996   0.888   1.000
 345   0.932   0.889   0.903   0.996   0.888   1.001
 346   0.931   0.890   0.903   0.995   0.888   0.999
 347   0.931   0.889   0.901   0.995   0.888   1.000
 348   0.932   0.889   0.901   0.994   0.889   0.999
 349   0.931   0.889   0.903   0.994   0.887   1.000
 350   0.930   0.888   0.901   0.994   0.882   0.988
 351   0.922   0.881   0.895   0.984   0.881   0.991
 352   0.927   0.883   0.901   0.989   0.884   0.993
 353   0.924   0.877   0.897   0.985   0.879   0.989
 354   0.926   0.877   0.898   0.986   0.886   0.994
 355   0.928   0.884   0.905   0.990   0.884   0.992
 356   0.929   0.886   0.906   0.988   0.886   0.993
 357   0.930   0.884   0.905   0.989   0.885   0.993
 358   0.929   0.884   0.905   0.987   0.885   0.993
 359   0.927   0.885   0.905   0.988   0.885   0.992
 360   0.933   0.886   0.912   0.991   0.886   0.997
 361   0.931   0.885   0.911   0.991   0.885   0.998
 362   0.934   0.886   0.910   0.990   0.886   0.996
 363   0.933   0.887   0.910   0.989   0.885   0.995
 364   0.933   0.884   0.911   0.989   0.885   0.997
 365   0.934   0.886   0.910   0.995   0.886   0.996
 366   0.932   0.884   0.909   0.988   0.886   0.996
 367   0.932   0.883   0.909   0.988   0.885   0.995
 368   0.936   0.885   0.917   0.989   0.886   1.000
 369   0.936   0.886   0.917   0.993   0.886   1.001
 370   0.937   0.886   0.917   0.992   0.878   0.995
 371   0.931   0.878   0.915   1.005   0.894   1.015
 372   0.949   0.893   0.925   1.006   0.893   1.000
 373   0.935   0.884   0.914   0.992   0.884   0.998
 374   0.937   0.885   0.916   0.991   0.885   0.996
 375   0.938   0.885   0.916   0.991   0.888   0.997
 376   0.941   0.885   0.923   0.992   0.885   1.002
 377   0.940   0.886   0.922   0.992   0.886   1.001
 378   0.942   0.885   0.922   0.992   0.885   1.001
 379   0.941   0.885   0.921   0.992   0.886   1.000
 380   0.942   0.885   0.922   0.993   0.886   1.000
 381   0.948   0.885   0.922   0.991   0.887   0.999
 382   0.941   0.885   0.921   0.991   0.884   0.999
 383   0.941   0.885   0.922   0.990   0.885   0.999
 384   0.946   0.887   0.930   0.995   0.885   1.006
 385   0.948   0.887   0.931   0.998   0.886   1.007
 386   0.947   0.889   0.929   0.997   0.886   1.005
 387   0.946   0.887   0.929   0.998   0.885   1.005
 388   0.947   0.887   0.929   0.997   0.887   1.010
 389   0.947   0.886   0.927   0.997   0.885   1.006
 390   0.946   0.885   0.927   0.997   0.885   1.005
 391   0.945   0.885   0.926   0.998   0.885   1.005
 392   0.949   0.885   0.937   0.999   0.885   1.008
 393   0.950   0.886   0.933   1.000   0.886   1.011
 394   0.950   0.886   0.933   0.999   0.886   1.009
 395   0.949   0.885   0.932   0.999   0.886   1.009
 396   0.950   0.886   0.932   0.999   0.886   1.009
 397   0.950   0.886   0.932   0.999   0.886   1.007
 398   0.949   0.886   0.931   0.998   0.885   1.007
 399   0.948   0.885   0.931   0.999   0.885   1.008
 400   0.952   0.887   0.937   1.004   0.886   1.013
 401   0.953   0.887   0.939   1.005   0.886   1.013
 402   0.955   0.886   0.938   1.002   0.883   1.011
 403   0.951   0.887   0.939   1.020   0.889   1.017
 404   0.953   0.888   0.937   1.002   0.884   1.012
 405   0.953   0.882   0.935   1.001   0.882   1.011
 406   0.950   0.882   0.935   1.001   0.882   1.009
 407   0.949   0.882   0.935   1.000   0.882   1.008
 408   0.953   0.883   0.942   1.004   0.882   1.012
 409   0.953   0.883   0.942   1.003   0.882   1.014
 410   0.952   0.883   0.941   1.003   0.883   1.013
 411   0.954   0.882   0.940   1.004   0.882   1.012
 412   0.952   0.882   0.940   1.003   0.883   1.013
 413   0.952   0.883   0.939   1.004   0.883   1.012
 414   0.952   0.882   0.940   1.002   0.881   1.012
 415   0.952   0.879   0.932   1.000   0.878   1.010
 416   0.951   0.878   0.937   1.007   0.878   1.016
 417   0.953   0.879   0.939   1.006   0.880   1.016
 418   0.953   0.879   0.938   1.007   0.878   1.016
 419   0.951   0.879   0.938   1.006   0.879   1.015
 420   0.953   0.884   0.939   1.012   0.884   1.021
 421   0.954   0.884   0.940   1.012   0.885   1.020
 422   0.955   0.883   0.939   1.010   0.884   1.020
 423   0.954   0.884   0.939   1.010   0.885   1.020
 424   0.962   0.887   0.952   1.016   0.886   1.027
 425   0.961   0.888   0.950   1.017   0.888   1.028
 426   0.960   0.887   0.950   1.015   0.888   1.028
 427   0.964   0.890   0.952   1.024   0.891   1.037
 428   0.965   0.891   0.952   1.021   0.887   1.028
 429   0.960   0.886   0.950   1.016   0.887   1.026
 430   0.961   0.886   0.950   1.013   0.884   1.024
 431   0.956   0.883   0.943   1.013   0.884   1.025
 432   0.962   0.887   0.955   1.017   0.887   1.028
 433   0.963   0.888   0.956   1.020   0.889   1.031
 434   0.964   0.886   0.955   1.018   0.888   1.030
 435   0.963   0.887   0.954   1.018   0.887   1.030
 436   0.964   0.888   0.954   1.019   0.887   1.030
 437   0.964   0.888   0.954   1.020   0.887   1.031
 438   0.964   0.887   0.954   1.019   0.887   1.030
 439   0.963   0.887   0.953   1.018   0.887   1.029
 440   0.966   0.889   0.960   1.021   0.888   1.032
 441   0.967   0.889   0.959   1.022   0.888   1.034
 442   0.967   0.888   0.959   1.021   0.889   1.032
 443   0.966   0.888   0.959   1.019   0.889   1.032
 444   0.967   0.888   0.959   1.021   0.888   1.032
 445   0.966   0.888   0.959   1.021   0.888   1.031
 446   0.966   0.888   0.958   1.020   0.888   1.030
 447   0.961   0.886   0.951   1.019   0.887   1.031
 448   0.981   0.896   0.975   1.040   0.899   1.038
 449   0.969   0.887   0.957   1.027   0.886   1.038
 450   0.967   0.882   0.955   1.022   0.881   1.035
 451   0.969   0.884   0.963   1.025   0.889   1.039
 452   0.971   0.884   0.964   1.024   0.885   1.036
 453   0.969   0.885   0.962   1.025   0.885   1.037
 454   0.970   0.883   0.962   1.024   0.885   1.036
 455   0.965   0.885   0.954   1.025   0.886   1.035
 456   0.969   0.886   0.961   1.027   0.886   1.039
 457   0.969   0.886   0.960   1.029   0.887   1.042
 458   0.968   0.888   0.966   1.031   0.889   1.043
 459   0.973   0.888   0.967   1.031   0.889   1.042
 460   0.973   0.888   0.967   1.030   0.889   1.042
 461   0.972   0.888   0.967   1.031   0.888   1.043
 462   0.973   0.889   0.966   1.030   0.889   1.040
 463   0.971   0.888   0.965   1.029   0.888   1.041
 464   0.976   0.889   0.970   1.033   0.889   1.044
 465   0.978   0.892   0.971   1.036   0.889   1.047
 466   0.978   0.902   0.989   1.052   0.904   1.065
 467   0.994   0.902   0.988   1.051   0.904   1.065
 468   0.994   0.901   0.990   1.052   0.903   1.063
 469   0.970   0.886   0.962   1.032   0.888   1.045
 470   0.977   0.888   0.970   1.034   0.889   1.045
 471   0.977   0.888   0.971   1.034   0.888   1.044
 472   0.980   0.889   0.974   1.036   0.889   1.044
 473   0.974   0.887   0.974   1.038   0.889   1.047
 474   0.975   0.889   0.974   1.036   0.890   1.048
 475   0.978   0.889   0.973   1.038   0.888   1.048
 476   0.979   0.887   0.965   1.037   0.888   1.048
 477   0.979   0.888   0.973   1.037   0.890   1.048
 478   0.978   0.888   0.973   1.036   0.889   1.050
 479   0.977   0.888   0.972   1.037   0.889   1.048
 480   0.981   0.889   0.976   1.043   0.890   1.052
 481   0.983   0.890   0.977   1.045   0.890   1.057
 482   0.983   0.889   0.975   1.045   0.890   1.054
 483   0.982   0.889   0.977   1.045   0.889   1.055
 484   0.983   0.889   0.978   1.046   0.890   1.055
 485   0.982   0.889   0.973   1.044   0.890   1.055
 486   0.982   0.889   0.975   1.046   0.890   1.053
 487   0.982   0.888   0.976   1.045   0.889   1.054
 488   0.985   0.889   0.980   1.048   0.890   1.060
 489   0.978   0.887   0.972   1.057   0.895   1.072
 490   1.000   0.904   1.004   1.069   0.911   1.082
 491   1.004   0.903   1.002   1.068   0.899   1.061
 492   0.986   0.889   0.983   1.048   0.890   1.061
 493   0.985   0.890   0.981   1.049   0.890   1.061
 494   0.985   0.889   0.981   1.048   0.890   1.061
 495   0.985   0.889   0.980   1.048   0.891   1.061
 496   0.988   0.891   0.988   1.053   0.895   1.065
 497   0.988   0.890   1.006   1.055   0.893   1.070
 498   0.990   0.893   0.994   1.053   0.891   1.064
 499   0.986   0.889   0.987   1.052   0.892   1.065
 500   0.988   0.891   0.989   1.053   0.891   1.066
 501   0.988   0.895   0.992   1.063   0.898   1.077
 502   0.993   0.895   0.993   1.063   0.898   1.077
 503   0.993   0.895   0.990   1.063   0.899   1.076
 504   0.993   0.889   0.984   1.050   0.888   1.063
 505   0.986   0.888   0.984   1.054   0.891   1.068
 506   0.992   0.890   0.991   1.055   0.891   1.067
 507   0.991   0.890   0.990   1.053   0.891   1.066
 508   0.991   0.889   0.990   1.054   0.891   1.067
 509   0.990   0.890   0.990   1.054   0.891   1.067
 510   0.991   0.883   0.978   1.045   0.883   1.058
 511   0.983   0.881   0.979   1.045   0.882   1.058
 512   1.004   0.883   1.002   1.062   0.884   1.074
 513   1.007   0.886   1.003   1.065   0.889   1.080
 514   1.007   0.885   1.003   1.065   0.888   1.080
 515   1.006   0.884   1.002   1.069   0.893   1.085
 516   1.016   0.892   1.013   1.074   0.896   1.089
 517   1.016   0.893   1.023   1.074   0.898   1.087
 518   1.016   0.893   1.013   1.074   0.897   1.088
 519   1.016   0.892   1.014   1.075   0.897   1.088
 520   1.027   0.893   1.026   1.081   0.897   1.094
 521   1.026   0.893   1.025   1.081   0.899   1.095
 522   1.026   0.893   1.026   1.079   0.899   1.096
 523   1.024   0.890   1.012   1.075   0.896   1.090
 524   1.020   0.890   1.013   1.075   0.896   1.089
 525   1.019   0.890   1.012   1.075   0.896   1.090
 526   1.019   0.890   1.012   1.074   0.896   1.093
 527   1.027   0.892   1.024   1.080   0.899   1.094
 528   1.044   0.894   1.041   1.085   0.901   1.101
 529   1.048   0.895   1.044   1.091   0.903   1.105
 530   1.046   0.896   1.045   1.090   0.903   1.104
 531   1.038   0.894   1.032   1.091   0.900   1.105
 532   1.049   0.895   1.046   1.092   0.903   1.105
 533   1.050   0.896   1.047   1.093   0.912   1.122
 534   1.062   0.904   1.062   1.104   0.917   1.120
 535   1.061   0.905   1.064   1.105   0.917   1.115
 536   1.062   0.893   1.063   1.095   0.902   1.111
 537   1.062   0.894   1.064   1.096   0.904   1.111
 538   1.062   0.894   1.063   1.096   0.904   1.113
 539   1.063   0.894   1.062   1.096   0.904   1.112
 540   1.063   0.894   1.063   1.096   0.904   1.113
 541   1.062   0.895   1.064   1.097   0.906   1.113
 542   1.062   0.894   1.062   1.097   0.906   1.113
 543   1.064   0.893   1.065   1.097   0.905   1.114
 544   1.076   0.896   1.079   1.110   0.908   1.122
 545   1.066   0.898   1.064   1.114   0.915   1.135
 546   1.082   0.902   1.082   1.116   0.916   1.134
 547   1.083   0.902   1.081   1.117   0.917   1.135
 548   1.085   0.902   1.084   1.120   0.918   1.136
 549   1.085   0.902   1.084   1.120   0.920   1.139
 550   1.086   0.903   1.084   1.120   0.920   1.137
 551   1.086   0.903   1.087   1.122   0.921   1.137
 552   1.099   0.903   1.099   1.128   0.920   1.145
 553   1.100   0.905   1.101   1.130   0.923   1.149
 554   1.099   0.916   1.106   1.130   0.922   1.143
 555   1.095   0.904   1.101   1.129   0.925   1.152
 556   1.102   0.906   1.104   1.131   0.924   1.149
 557   1.101   0.906   1.100   1.132   0.925   1.149
 558   1.103   0.905   1.100   1.132   0.924   1.149
 559   1.102   0.906   1.104   1.134   0.925   1.149
 560   1.115   0.907   1.122   1.142   0.928   1.161
 561   1.118   0.909   1.124   1.143   0.933   1.168
 562   1.119   0.909   1.128   1.142   0.935   1.174
 563   1.118   0.906   1.125   1.139   0.932   1.164
 564   1.119   0.905   1.128   1.140   0.933   1.165
 565   1.118   0.905   1.128   1.138   0.933   1.165
 566   1.117   0.907   1.129   1.139   0.934   1.165
 567   1.117   0.905   1.129   1.139   0.935   1.166
 568   1.126   0.907   1.138   1.144   0.935   1.170
 569   1.128   0.912   1.138   1.144   0.934   1.195
 570   1.144   0.909   1.118   1.149   0.938   1.174
 571   1.129   0.912   1.139   1.161   0.955   1.181
 572   1.132   0.912   1.140   1.150   0.939   1.175
 573   1.133   0.913   1.141   1.150   0.940   1.175
 574   1.133   0.913   1.139   1.146   0.938   1.168
 575   1.128   0.908   1.143   1.149   0.942   1.174
 576   1.142   0.915   1.153   1.158   0.942   1.184
 577   1.144   0.918   1.157   1.164   0.953   1.191
 578   1.145   0.918   1.156   1.161   0.955   1.193
 579   1.143   0.918   1.156   1.153   0.949   1.184
 580   1.117   0.911   1.132   1.153   0.950   1.186
 581   1.117   0.912   1.135   1.153   0.953   1.187
 582   1.115   0.925   1.158   1.179   0.974   1.212
 583   1.136   0.934   1.136   1.156   0.960   1.196
 584   1.146   0.921   1.165   1.166   0.959   1.200
 585   1.147   0.923   1.166   1.166   0.964   1.202
 586   1.146   0.923   1.164   1.166   0.966   1.203
 587   1.147   0.924   1.161   1.162   0.963   1.196
 588   1.142   0.918   1.165   1.162   0.962   1.198
 589   1.142   0.921   1.165   1.162   0.965   1.195
 590   1.143   0.920   1.166   1.161   0.965   1.197
 591   1.143   0.919   1.163   1.162   0.965   1.195
 592   1.148   0.922   1.173   1.167   0.966   1.200
 593   1.150   0.924   1.150   1.166   0.966   1.201
 594   1.128   0.925   1.151   1.164   0.978   1.225
 595   1.166   0.941   1.158   1.167   0.968   1.283
 596   1.158   0.931   1.180   1.172   0.977   1.209
 597   1.152   0.926   1.198   1.196   1.002   1.241
 598   1.165   0.925   1.154   1.164   0.968   1.200
 599   1.129   0.928   1.156   1.164   0.969   1.199
 600   1.130   0.926   1.159   1.170   0.969   1.204
 601   1.131   0.927   1.161   1.174   0.978   1.211
 602   1.157   0.933   1.186   1.176   1.002   1.212
 603   1.157   0.933   1.188   1.176   0.978   1.212
 604   1.158   0.932   1.187   1.176   0.975   1.210
 605   1.131   0.928   1.167   1.170   0.971   1.203
 606   1.131   0.929   1.177   1.173   0.978   1.209
 607   1.127   0.925   1.163   1.173   0.977   1.204
 608   1.150   0.935   1.195   1.182   0.976   1.217
 609   1.166   0.939   1.203   1.188   0.986   1.236
 610   1.162   0.938   1.207   1.184   0.989   1.216
 611   1.167   0.942   1.202   1.187   0.989   1.223
 612   1.167   0.936   1.179   1.180   0.982   1.218
 613   1.141   0.938   1.178   1.182   0.984   1.240
 614   1.145   0.941   1.184   1.187   0.988   1.224
 615   1.168   0.959   1.212   1.189   0.986   1.220
 616   1.167   0.944   1.221   1.193   0.987   1.227
 617   1.163   0.941   1.190   1.182   0.990   1.220
 618   1.140   0.942   1.188   1.180   0.988   1.220
 619   1.141   0.938   1.186   1.182   0.988   1.229
 620   1.171   0.947   1.216   1.193   0.994   1.230
 621   1.171   0.946   1.216   1.190   0.999   1.229
 622   1.168   0.944   1.214   1.190   0.994   1.228
 623   1.169   0.942   1.204   1.184   0.989   1.223
 624   1.149   0.944   1.195   1.187   0.993   1.227
 625   1.148   0.948   1.206   1.192   1.003   1.233
 626   1.148   0.948   1.204   1.187   1.004   1.231
 627   1.148   0.947   1.204   1.191   1.010   1.255
 628   1.170   0.952   1.235   1.200   1.010   1.245
 629   1.177   0.955   1.234   1.193   1.003   1.239
 630   1.179   0.956   1.236   1.200   1.013   1.248
 631   1.179   0.955   1.235   1.201   1.007   1.246
 632   1.186   0.956   1.239   1.207   1.011   1.250
 633   1.185   0.958   1.237   1.206   1.012   1.244
 634   1.174   0.958   1.237   1.204   1.016   1.253
 635   1.184   0.958   1.237   1.203   1.019   1.247
 636   1.159   0.956   1.240   1.206   1.015   1.249
 637   1.164   0.955   1.237   1.199   1.014   1.246
 638   1.180   0.954   1.236   1.198   1.017   1.244
 639   1.182   0.957   1.241   1.200   1.017   1.246
 640   1.193   0.961   1.253   1.215   1.021   1.259
 641   1.195   0.976   1.238   1.226   1.043   1.276
 642   1.206   0.983   1.271   1.223   1.048   1.278
 643   1.206   0.981   1.242   1.216   1.042   1.271
 644   1.180   0.979   1.253   1.229   1.046   1.277
 645   1.185   0.982   1.252   1.226   1.057   1.287
 646   1.208   0.986   1.262   1.218   1.053   1.279
 647   1.209   0.987   1.282   1.225   1.055   1.281
 648   1.208   0.986   1.291   1.230   1.053   1.280
 649   1.206   0.995   1.293   1.240   1.076   1.306
 650   1.201   1.013   1.294   1.242   1.092   1.309
 651   1.201   1.016   1.295   1.242   1.092   1.314
 652   1.195   0.993   1.283   1.235   1.075   1.285
 653   1.187   1.001   1.302   1.237   1.072   1.295
 654   1.215   1.000   1.302   1.237   1.073   1.295
 655   1.214   1.005   1.326   1.234   1.076   1.292
 656   1.222   1.004   1.314   1.244   1.070   1.300
 657   1.231   1.019   1.326   1.254   1.095   1.316
 658   1.230   1.021   1.334   1.252   1.098   1.316
 659   1.207   1.017   1.326   1.251   1.108   1.319
 660   1.235   1.024   1.334   1.253   1.101   1.322
 661   1.233   1.029   1.320   1.246   1.095   1.316
 662   1.209   1.028   1.341   1.252   1.104   1.317
 663   1.235   1.029   1.343   1.254   1.106   1.322
 664   1.258   1.051   1.379   1.269   1.132   1.346
 665   1.207   1.033   1.327   1.253   1.168   1.322
 666   1.203   1.035   1.339   1.258   1.113   1.332
 667   1.237   1.040   1.362   1.258   1.117   1.330
 668   1.212   1.038   1.330   1.250   1.107   1.318
 669   1.208   1.040   1.354   1.260   1.117   1.328
 670   1.238   1.044   1.366   1.260   1.117   1.326
 671   1.237   1.042   1.360   1.258   1.111   1.327
 672   1.244   1.048   1.370   1.273   1.114   1.326
 673   1.252   1.064   1.388   1.279   1.143   1.352
 674   1.253   1.068   1.394   1.277   1.149   1.351
 675   1.254   1.069   1.397   1.278   1.153   1.357
 676   1.258   1.075   1.404   1.284   1.156   1.359
 677   1.230   1.071   1.378   1.276   1.152   1.354
 678   1.230   1.077   1.391   1.272   1.154   1.355
 679   1.249   1.080   1.408   1.286   1.162   1.363
 680   1.264   1.080   1.414   1.293   1.163   1.368
 681   1.262   1.087   1.428   1.290   1.172   1.363
 682   1.263   1.094   1.427   1.290   1.173   1.371
 683   1.264   1.094   1.416   1.289   1.177   1.370
 684   1.269   1.095   1.433   1.294   1.177   1.374
 685   1.270   1.097   1.429   1.293   1.178   1.374
 686   1.239   1.096   1.423   1.282   1.170   1.376
 687   1.272   1.101   1.433   1.292   1.181   1.377
 688   1.276   1.103   1.447   1.301   1.183   1.382
 689   1.284   1.118   1.457   1.313   1.199   1.389
 690   1.252   1.117   1.495   1.333   1.237   1.427
 691   1.313   1.149   1.498   1.336   1.224   1.391
 692   1.256   1.124   1.469   1.315   1.207   1.396
 693   1.268   1.130   1.473   1.306   1.212   1.400
 694   1.261   1.128   1.470   1.313   1.218   1.406
 695   1.284   1.131   1.478   1.315   1.219   1.406
 696   1.292   1.130   1.482   1.322   1.216   1.404
 697   1.258   1.135   1.471   1.320   1.228   1.412
 698   1.281   1.157   1.503   1.352   1.236   1.414
 699   1.290   1.144   1.494   1.316   1.232   1.403
 700   1.257   1.137   1.483   1.305   1.228   1.400
 701   1.256   1.138   1.477   1.322   1.237   1.408
 702   1.290   1.141   1.496   1.319   1.232   1.409
 703   1.290   1.142   1.487   1.313   1.230   1.403
 704   1.265   1.139   1.481   1.327   1.235   1.419
 705   1.316   1.165   1.516   1.331   1.255   1.434
 706   1.339   1.196   1.564   1.363   1.294   1.430
 707   1.288   1.176   1.541   1.342   1.271   1.430
 708   1.318   1.177   1.535   1.337   1.264   1.439
 709   1.317   1.180   1.557   1.348   1.280   1.430
 710   1.284   1.174   1.551   1.347   1.272   1.443
 711   1.317   1.183   1.554   1.347   1.349   1.496
 712   1.346   1.205   1.658   1.363   1.324   1.488
 713   1.342   1.210   1.663   1.361   1.292   1.447
 714   1.317   1.207   1.577   1.342   1.282   1.446
 715   1.320   1.202   1.587   1.358   1.316   1.451
 716   1.322   1.202   1.588   1.357   1.292   1.447
 717   1.324   1.205   1.585   1.355   1.284   1.446
 718   1.292   1.197   1.578   1.353   1.293   1.460
 719   1.293   1.195   1.582   1.357   1.291   1.446
 720   1.315   1.206   1.590   1.365   1.294   1.454
 721   1.341   1.223   1.609   1.378   1.315   1.463
 722   1.340   1.227   1.599   1.361   1.316   1.469
 723   1.319   1.226   1.598   1.367   1.317   1.465
 724   1.341   1.232   1.626   1.379   1.317   1.467
 725   1.308   1.238   1.628   1.378   1.319   1.472
 726   1.342   1.235   1.627   1.401   1.312   1.461
 727   1.339   1.235   1.622   1.364   1.314   1.462
 728   1.321   1.235   1.633   1.372   1.312   1.468
 729   1.308   1.249   1.638   1.374   1.321   1.475
 730   1.342   1.253   1.651   1.382   1.336   1.474
 731   1.342   1.253   1.652   1.384   1.358   1.476
 732   1.343   1.252   1.655   1.383   1.335   1.474
 733   1.343   1.252   1.657   1.386   1.334   1.477
 734   1.342   1.251   1.655   1.393   1.333   1.475
 735   1.341   1.246   1.632   1.371   1.327   1.474
 736   1.348   1.254   1.685   1.382   1.338   1.473
 737   1.331   1.275   1.676   1.414   1.438   1.490
 738   1.357   1.277   1.695   1.403   1.370   1.501
 739   1.362   1.285   1.680   1.396   1.367   1.496
 740   1.362   1.290   1.708   1.424   1.384   1.521
 741   1.374   1.295   1.702   1.401   1.383   1.501
 742   1.335   1.293   1.707   1.399   1.382   1.501
 743   1.334   1.299   1.702   1.400   1.383   1.508
 744   1.367   1.296   1.718   1.414   1.387   1.513
 745   1.368   1.307   1.723   1.416   1.395   1.516
 746   1.355   1.329   1.721   1.411   1.401   1.517
 747   1.367   1.312   1.735   1.411   1.402   1.514
 748   1.337   1.305   1.734   1.414   1.401   1.519
 749   1.349   1.313   1.739   1.415   1.406   1.526
 750   1.346   1.310   1.735   1.413   1.405   1.520
 751   1.370   1.311   1.737   1.420   1.402   1.522
 752   1.377   1.315   1.746   1.422   1.409   1.517
 753   1.351   1.331   1.756   1.424   1.435   1.536
 754   1.358   1.353   1.781   1.445   1.451   1.543
 755   1.384   1.346   1.777   1.433   1.449   1.541
 756   1.357   1.341   1.773   1.433   1.450   1.558
 757   1.386   1.349   1.784   1.426   1.445   1.545
 758   1.352   1.350   1.789   1.424   1.453   1.549
 759   1.351   1.350   1.796   1.451   1.457   1.570
 760   1.366   1.351   1.794   1.442   1.452   1.559
 761   1.390   1.358   1.800   1.443   1.467   1.562
 762   1.388   1.360   1.807   1.438   1.464   1.558
 763   1.352   1.356   1.793   1.426   1.469   1.551
 764   1.388   1.360   1.806   1.438   1.467   1.550
 765   1.352   1.361   1.802   1.438   1.467   1.558
 766   1.386   1.355   1.799   1.434   1.464   1.565
 767   1.399   1.354   1.798   1.428   1.458   1.556
 768   1.393   1.357   1.802   1.432   1.477   1.551
 769   1.370   1.377   1.846   1.455   1.506   1.578
 770   1.384   1.383   1.838   1.452   1.521   1.585
 771   1.398   1.386   1.838   1.458   1.536   1.590
 772   1.371   1.381   1.842   1.459   1.526   1.598
 773   1.404   1.394   1.858   1.464   1.531   1.600
 774   1.433   1.382   1.836   1.446   1.526   1.594
 775   1.408   1.387   1.843   1.447   1.519   1.589
 776   1.410   1.382   1.847   1.455   1.536   1.601
 777   1.411   1.394   1.860   1.467   1.537   1.597
 778   1.408   1.395   1.861   1.464   1.553   1.617
 779   1.384   1.399   1.862   1.462   1.548   1.604
 780   1.412   1.395   1.862   1.466   1.545   1.611
 781   1.409   1.396   1.862   1.465   1.550   1.608
 782   1.408   1.391   1.857   1.461   1.548   1.608
 783   1.409   1.398   1.866   1.461   1.548   1.608
 784   1.415   1.398   1.871   1.472   1.551   1.612
 785   1.421   1.410   1.895   1.498   1.582   1.630
 786   1.423   1.423   1.902   1.480   1.589   1.645
 787   1.399   1.424   1.891   1.478   1.593   1.633
 788   1.423   1.417   1.893   1.479   1.592   1.638
 789   1.422   1.417   1.890   1.471   1.594   1.648
 790   1.383   1.410   1.894   1.479   1.590   1.628
 791   1.382   1.411   1.895   1.474   1.585   1.631
 792   1.384   1.419   1.913   1.486   1.594   1.637
 793   1.423   1.431   1.907   1.486   1.604   1.639
 794   1.406   1.443   1.906   1.486   1.607   1.641
 795   1.419   1.428   1.908   1.483   1.608   1.640
 796   1.414   1.427   1.916   1.473   1.611   1.634
 797   1.387   1.427   1.914   1.473   1.610   1.634
 798   1.386   1.423   1.900   1.482   1.605   1.640
 799   1.417   1.422   1.902   1.482   1.606   1.639
 800   1.424   1.428   1.922   1.504   1.623   1.644
 801   1.432   1.438   1.925   1.498   1.640   1.661
 802   1.432   1.441   1.944   1.485   1.647   1.660
 803   1.431   1.448   1.932   1.499   1.651   1.666
 804   1.435   1.449   1.951   1.501   1.662   1.665
 805   1.400   1.442   1.939   1.503   1.655   1.670
 806   1.433   1.442   1.946   1.528   1.657   1.662
 807   1.396   1.453   1.951   1.505   1.654   1.670
 808   1.434   1.439   1.939   1.505   1.664   1.666
 809   1.398   1.448   1.948   1.507   1.666   1.668
 810   1.432   1.457   1.966   1.509   1.674   1.677
 811   1.435   1.464   1.967   1.508   1.676   1.678
 812   1.438   1.456   1.948   1.507   1.670   1.670
 813   1.404   1.454   1.946   1.506   1.670   1.679
 814   1.430   1.456   1.944   1.503   1.669   1.676
 815   1.433   1.449   1.943   1.503   1.666   1.678
 816   1.432   1.463   1.966   1.513   1.668   1.681
 817   1.443   1.479   1.987   1.525   1.699   1.698
 818   1.446   1.467   1.969   1.517   1.699   1.688
 819   1.406   1.470   1.972   1.520   1.709   1.699
 820   1.417   1.464   1.971   1.521   1.702   1.693
 821   1.418   1.466   1.971   1.511   1.711   1.692
 822   1.414   1.468   1.986   1.508   1.707   1.693
 823   1.414   1.471   1.979   1.533   1.705   1.699
 824   1.446   1.466   1.976   1.525   1.700   1.698
 825   1.444   1.474   1.993   1.516   1.711   1.696
 826   1.414   1.477   1.997   1.511   1.717   1.702
 827   1.423   1.479   1.977   1.510   1.714   1.697
 828   1.443   1.472   1.980   1.522   1.711   1.720
 829   1.468   1.482   1.982   1.521   1.710   1.699
 830   1.442   1.467   1.974   1.519   1.711   1.699
 831   1.440   1.463   1.992   1.523   1.711   1.702
 832   1.454   1.479   1.998   1.529   1.712   1.704
 833   1.456   1.483   1.997   1.535   1.739   1.726
 834   1.481   1.507   1.998   1.530   1.746   1.725
 835   1.454   1.495   1.997   1.523   1.759   1.725
 836   1.427   1.494   2.004   1.527   1.754   1.728
 837   1.455   1.491   2.006   1.539   1.758   1.737
 838   1.458   1.495   2.019   1.525   1.751   1.731
 839   1.455   1.489   2.015   1.526   1.755   1.724
 840   1.426   1.490   2.023   1.535   1.753   1.749
 841   1.448   1.504   2.038   1.543   1.763   1.728
 842   1.418   1.495   2.014   1.530   1.773   1.737
 843   1.458   1.504   2.035   1.544   1.774   1.728
 844   1.432   1.492   2.020   1.542   1.771   1.729
 845   1.420   1.496   2.027   1.531   1.771   1.729
 846   1.453   1.487   2.006   1.539   1.767   1.733
 847   1.454   1.487   2.007   1.538   1.765   1.734
 848   1.459   1.488   2.014   1.546   1.763   1.737
 849   1.465   1.503   2.032   1.553   1.789   1.752
 850   1.464   1.507   2.027   1.551   1.795   1.752
 851   1.463   1.512   2.030   1.550   1.798   1.747
 852   1.437   1.510   2.048   1.553   1.798   1.755
 853   1.464   1.508   2.032   1.578   1.801   1.751
 854   1.458   1.506   2.045   1.551   1.794   1.755
 855   1.451   1.507   2.028   1.542   1.791   1.757
 856   1.436   1.504   2.030   1.558   1.791   1.754
 857   1.464   1.512   2.043   1.558   1.807   1.760
 858   1.464   1.514   2.070   1.561   1.814   1.763
 859   1.445   1.513   2.037   1.557   1.814   1.775
 860   1.438   1.511   2.059   1.563   1.817   1.761
 861   1.468   1.520   2.060   1.558   1.811   1.766
 862   1.465   1.505   2.032   1.557   1.814   1.764
 863   1.466   1.513   2.043   1.554   1.805   1.759
 864   1.470   1.509   2.038   1.567   1.810   1.763
 865   1.476   1.527   2.071   1.573   1.834   1.782
 866   1.477   1.531   2.072   1.567   1.837   1.802
 867   1.500   1.545   2.048   1.570   1.843   1.781
 868   1.478   1.523   2.051   1.573   1.840   1.779
 869   1.451   1.524   2.055   1.597   1.844   1.780
 870   1.474   1.517   2.047   1.571   1.837   1.785
 871   1.476   1.518   2.047   1.566   1.837   1.783
 872   1.454   1.516   2.054   1.579   1.847   1.793
 873   1.473   1.542   2.074   1.568   1.846   1.792
 874   1.474   1.524   2.057   1.576   1.847   1.778
 875   1.455   1.526   2.070   1.558   1.853   1.785
 876   1.450   1.520   2.056   1.570   1.851   1.781
 877   1.462   1.525   2.073   1.565   1.849   1.781
 878   1.472   1.525   2.049   1.567   1.847   1.779
 879   1.436   1.512   2.045   1.566   1.857   1.777
 880   1.448   1.521   2.074   1.572   1.845   1.783
 881   1.445   1.526   2.061   1.580   1.865   1.796
 882   1.480   1.530   2.064   1.577   1.873   1.800
 883   1.479   1.537   2.066   1.577   1.874   1.797
 884   1.451   1.532   2.066   1.581   1.870   1.803
 885   1.478   1.532   2.069   1.580   1.872   1.799
 886   1.460   1.529   2.084   1.571   1.872   1.810
 887   1.477   1.529   2.065   1.576   1.869   1.800
 888   1.443   1.529   2.086   1.570   1.870   1.801
 889   1.480   1.533   2.076   1.577   1.877   1.800
 890   1.444   1.533   2.071   1.579   1.874   1.798
 891   1.481   1.547   2.093   1.583   1.881   1.798
 892   1.478   1.534   2.069   1.568   1.875   1.797
 893   1.476   1.534   2.069   1.582   1.880   1.801
 894   1.481   1.537   2.068   1.575   1.869   1.795
 895   1.451   1.530   2.077   1.566   1.868   1.789
 896   1.442   1.550   2.068   1.578   1.869   1.795
 897   1.487   1.537   2.072   1.584   1.889   1.805
 898   1.460   1.549   2.096   1.589   1.890   1.810
 899   1.470   1.541   2.075   1.586   1.893   1.812
 900   1.485   1.541   2.094   1.599   1.890   1.814
 901   1.469   1.542   2.074   1.589   1.887   1.811
 902   1.464   1.545   2.093   1.591   1.888   1.811
 903   1.483   1.539   2.071   1.580   1.883   1.803
 904   1.448   1.531   2.074   1.609   1.887   1.808
 905   1.486   1.535   2.075   1.586   1.893   1.823
 906   1.485   1.542   2.077   1.597   1.890   1.825
 907   1.513   1.562   2.104   1.592   1.894   1.812
 908   1.478   1.546   2.085   1.577   1.888   1.808
 909   1.472   1.538   2.089   1.593   1.895   1.822
 910   1.484   1.534   2.069   1.585   1.891   1.808
 911   1.484   1.533   2.070   1.588   1.885   1.811
 912   1.466   1.533   2.073   1.591   1.881   1.808
 913   1.489   1.541   2.083   1.588   1.899   1.822
 914   1.494   1.555   2.105   1.600   1.903   1.822
 915   1.494   1.559   2.108   1.583   1.908   1.818
 916   1.488   1.544   2.091   1.608   1.904   1.820
 917   1.488   1.546   2.083   1.595   1.901   1.820
 918   1.487   1.541   2.078   1.593   1.897   1.814
 919   1.463   1.546   2.096   1.588   1.897   1.813
 920   1.470   1.543   2.080   1.597   1.894   1.836
 921   1.503   1.545   2.086   1.592   1.903   1.817
 922   1.486   1.552   2.084   1.595   1.901   1.820
 923   1.485   1.550   2.085   1.588   1.903   1.816
 924   1.484   1.546   2.091   1.595   1.899   1.816
 925   1.449   1.546   2.083   1.590   1.904   1.823
 926   1.470   1.540   2.076   1.592   1.896   1.826
 927   1.480   1.549   2.101   1.603   1.899   1.813
 928   1.484   1.540   2.080   1.595   1.893   1.815
 929   1.490   1.551   2.099   1.595   1.908   1.822
 930   1.469   1.559   2.108   1.606   1.913   1.829
 931   1.490   1.554   2.087   1.593   1.914   1.827
 932   1.491   1.553   2.089   1.604   1.908   1.829
 933   1.477   1.553   2.088   1.604   1.909   1.833
 934   1.486   1.548   2.081   1.602   1.903   1.823
 935   1.468   1.544   2.082   1.590   1.906   1.830
 936   1.496   1.555   2.113   1.610   1.903   1.826
 937   1.491   1.550   2.092   1.603   1.913   1.833
 938   1.471   1.563   2.112   1.607   1.917   1.830
 939   1.482   1.555   2.124   1.631   1.915   1.824
 940   1.465   1.553   2.112   1.604   1.910   1.837
 941   1.508   1.552   2.086   1.594   1.909   1.847
 942   1.476   1.543   2.083   1.604   1.906   1.829
 943   1.482   1.545   2.083   1.597   1.907   1.821
 944   1.454   1.545   2.084   1.595   1.904   1.829
 945   1.459   1.553   2.109   1.625   1.914   1.841
 946   1.494   1.557   2.092   1.605   1.918   1.832
 947   1.472   1.563   2.113   1.615   1.919   1.837
 948   1.493   1.556   2.101   1.615   1.921   1.843
 949   1.496   1.570   2.123   1.615   1.917   1.840
 950   1.495   1.551   2.089   1.606   1.910   1.835
 951   1.489   1.562   2.116   1.607   1.909   1.831
 952   1.467   1.561   2.119   1.614   1.908   1.837
 953   1.494   1.558   2.122   1.611   1.917   1.837
 954   1.491   1.563   2.121   1.600   1.921   1.834
 955   1.497   1.569   2.118   1.610   1.915   1.836
 956   1.492   1.556   2.091   1.613   1.916   1.831
 957   1.467   1.559   2.094   1.606   1.920   1.832
 958   1.454   1.546   2.086   1.609   1.914   1.835
 959   1.454   1.552   2.083   1.594   1.910   1.844
 960   1.456   1.551   2.088   1.612   1.911   1.836
 961   1.474   1.562   2.123   1.645   1.927   1.842
 962   1.471   1.561   2.094   1.613   1.920   1.842
 963   1.476   1.565   2.105   1.609   1.925   1.844
 964   1.482   1.561   2.097   1.616   1.921   1.843
 965   1.473   1.565   2.117   1.609   1.921   1.845
 966   1.497   1.556   2.090   1.614   1.918   1.854
 967   1.523   1.574   2.127   1.642   1.917   1.842
 968   1.468   1.557   2.105   1.609   1.914   1.843
 969   1.498   1.558   2.107   1.611   1.922   1.846
 970   1.497   1.557   2.102   1.626   1.927   1.845
 971   1.493   1.559   2.110   1.611   1.927   1.842
 972   1.477   1.556   2.096   1.623   1.926   1.840
 973   1.492   1.556   2.111   1.615   1.924   1.848
 974   1.459   1.554   2.088   1.618   1.917   1.842
 975   1.492   1.550   2.090   1.611   1.920   1.838
 976   1.494   1.551   2.091   1.613   1.918   1.840
 977   1.497   1.557   2.099   1.621   1.932   1.853
 978   1.497   1.556   2.098   1.617   1.931   1.853
 979   1.463   1.564   2.099   1.621   1.935   1.847
 980   1.473   1.561   2.121   1.617   1.932   1.850
 981   1.502   1.568   2.127   1.628   1.932   1.856
 982   1.473   1.550   2.094   1.615   1.929   1.848
 983   1.466   1.556   2.095   1.615   1.930   1.869
 984   1.472   1.559   2.119   1.614   1.920   1.849
 985   1.497   1.559   2.103   1.624   1.936   1.855
 986   1.492   1.572   2.127   1.634   1.954   1.912
 987   1.761   1.569   2.101   1.620   1.928   1.850
 988   1.497   1.558   2.097   1.620   1.924   1.849
 989   1.495   1.557   2.098   1.619   1.921   1.848
 990   1.474   1.562   2.118   1.627   1.925   1.851
 991   1.466   1.548   2.092   1.617   1.919   1.840
 992   1.478   1.552   2.092   1.622   1.916   1.846
 993   1.499   1.559   2.098   1.614   1.926   1.854
 994   1.500   1.562   2.099   1.627   1.927   1.853
 995   1.500   1.563   2.103   1.614   1.935   1.852
 996   1.484   1.564   2.101   1.628   1.928   1.857
 997   1.499   1.558   2.099   1.617   1.933   1.858
 998   1.498   1.557   2.093   1.623   1.922   1.851
 999   1.466   1.560   2.095   1.623   1.923   1.852
1000   1.463   1.560   2.096   1.630   1.920   1.853
1001   1.491   1.559   2.103   1.622   1.932   1.851
1002   1.478   1.565   2.126   1.615   1.926   1.853
1003   1.522   1.580   2.136   1.613   1.926   1.855
1004   1.499   1.559   2.097   1.614   1.931   1.869
1005   1.501   1.569   2.121   1.624   1.929   1.853
1006   1.495   1.549   2.092   1.621   1.926   1.854
1007   1.495   1.553   2.091   1.621   1.918   1.853
1008   1.497   1.553   2.094   1.620   1.920   1.860
1009   1.500   1.561   2.101   1.654   1.935   1.863
1010   1.500   1.565   2.113   1.634   1.932   1.858
1011   1.499   1.568   2.117   1.629   1.929   1.857
1012   1.499   1.566   2.129   1.636   1.934   1.863
1013   1.504   1.558   2.100   1.630   1.927   1.859
1014   1.498   1.559   2.110   1.634   1.931   1.860
1015   1.496   1.559   2.098   1.629   1.927   1.862
1016   1.502   1.556   2.100   1.634   1.920   1.856
1017   1.499   1.560   2.135   1.636   1.928   1.861
1018   1.499   1.564   2.104   1.651   1.928   1.854
1019   1.482   1.568   2.121   1.618   1.928   1.854
1020   1.496   1.561   2.130   1.628   1.921   1.852
1021   1.462   1.558   2.105   1.617   1.925   1.850
1022   1.475   1.572   2.093   1.624   1.923   1.856
1023   1.522   1.557   2.093   1.622   1.921   1.854
1024   1.461   1.560   2.119   1.622   1.925   1.849
#--- ------- ------- ------- ------- ------- -------
