1 2 3.337860e-06 seconds
2 3 4.053116e-06 seconds
3 6 3.814697e-06 seconds
4 9 5.483627e-06 seconds
5 16 1.001358e-05 seconds
6 24 1.549721e-05 seconds
7 42 2.813339e-05 seconds
8 61 4.243851e-05 seconds
9 108 7.772446e-05 seconds
10 151 1.118183e-04 seconds
11 253 1.935959e-04 seconds
12 369 2.968311e-04 seconds
13 607 4.220009e-04 seconds
14 847 5.531311e-04 seconds
15 1400 8.571148e-04 seconds
16 1954 1.207352e-03 seconds
17 3139 2.001286e-03 seconds
18 4398 2.944469e-03 seconds
19 6976 4.711151e-03 seconds
20 9583 6.657839e-03 seconds
21 15456 1.089978e-02 seconds
22 20982 1.545763e-02 seconds
23 32816 2.454686e-02 seconds
24 45417 3.418636e-02 seconds
25 70109 5.409431e-02 seconds
26 94499 7.440543e-02 seconds
27 148234 1.174607e-01 seconds
28 200768 1.617446e-01 seconds
29 308213 2.524943e-01 seconds
30 415543 3.471224e-01 seconds
31 634270 5.362206e-01 seconds
32 849877 7.306633e-01 seconds
33 1311244 1.140059e+00 seconds
34 1739022 1.534451e+00 seconds
35 2630061 2.351390e+00 seconds
36 3540355 3.213801e+00 seconds
37 5344961 4.931241e+00 seconds
38 7051789 6.658455e+00 seconds
39 10747207 1.022840e+01 seconds
40 14158720 1.365093e+01 seconds
41 21295570 2.080483e+01 seconds
42 28188520 2.793879e+01 seconds
43 42283059 4.298414e+01 seconds
44 55560183 5.692846e+01 seconds
45 83902379 8.707730e+01 seconds
46 109416660 1.157205e+02 seconds
47 163758608 1.741455e+02 seconds
48 215578633 2.345064e+02 seconds
49 322546325 3.516541e+02 seconds
50 417931547 4.623307e+02 seconds