#n        count         cpu wall
#- ------------ ----------- ----
 0            1    0.000001    0
 1            2    0.000000    0
 2            3    0.000001    0
 3            6    0.000001    0
 4            9    0.000000    0
 5           16    0.000001    0
 6           24    0.000000    0
 7           42    0.000001    0
 8           61    0.000001    0
 9          108    0.000001    0
10          151    0.000001    0
11          253    0.000001    0
12          369    0.000002    0
13          607    0.000003    0
14          847    0.000003    0
15         1400    0.000004    0
16         1954    0.000005    0
17         3139    0.000008    0
18         4398    0.000011    0
19         6976    0.000018    0
20         9583    0.000023    0
21        15456    0.000037    0
22        20982    0.000049    0
23        32816    0.000075    0
24        45417    0.000104    0
25        70109    0.000161    0
26        94499    0.000223    0
27       148234    0.000336    0
28       200768    0.000448    0
29       308213    0.000686    0
30       415543    0.000915    0
31       634270    0.001379    0
32       849877    0.001849    0
33      1311244    0.002831    0
34      1739022    0.003722    0
35      2630061    0.005486    0
36      3540355    0.007433    0
37      5344961    0.011097    0
38      7051789    0.014997    0
39     10747207    0.022462    0
40     14158720    0.029658    0
41     21295570    0.044239    0
42     28188520    0.058998    0
43     42283059    0.088343    0
44     55560183    0.113848    0
45     83902379    0.173277    0
46    109416660    0.226928    0
47    163758608    0.337402    0
48    215578633    0.449625    0
49    322546325    0.658447    0
50    417931547    0.847251    0
51    630427082    1.277059    1
52    819313304    1.620219    1
53   1225749154    2.460330    2
54   1594365915    3.250972    3
55   2379621002    4.702450    4
56   3079772605    6.117958    6
57   4644363603    9.200210    9
58   5978202515   11.783341   11
59   8958100404   17.549952   17
60  11592193582   22.801371   22
