# 1 2 1.000e-06
# 2 4 1.000e-06
# 3 7 1.000e-06
# 4 13 1.000e-06
# 5 22 2.000e-06
# 6 37 3.000e-06
# 7 61 7.000e-06
# 8 102 1.300e-05
# 9 162 2.500e-05
# 10 261 5.200e-05
# 11 410 1.010e-04
# 12 646 2.420e-04
# 13 1001 4.510e-04
# 14 1553 9.590e-04
# 15 2370 2.181e-03
# 16 3645 3.855e-03
# 17 5515 7.892e-03
# 18 8303 1.609e-02
# 19 12470 3.324e-02
# 20 18713 6.742e-02
# 21 27811 1.365e-01
# 22 41244 2.800e-01
# 23 60962 5.778e-01
# 24 89733 1.193e+00
# 25 131870 2.426e+00
# 26 192522 4.974e+00
# 27 281125 1.016e+01
# 28 408680 2.077e+01
# 29 593880 4.252e+01
# 30 855661 8.641e+01
# 31 1 1.000e-06
# 32 1 1.000e-06
# 33 2 1.000e-06
# 34 3 1.000e-06
# 35 6 1.000e-06
# 36 9 2.000e-06
# 37 16 4.000e-06
# 38 24 6.000e-06
# 39 42 1.300e-05
# 40 61 2.700e-05
