#n        count         cpu wall
#- ------------ ----------- ----
 0            1    0.000002    0
 1            2    0.000001    0
 2            3    0.000001    0
 3            6    0.000001    0
 4            9    0.000001    0
 5           16    0.000002    0
 6           24    0.000002    0
 7           42    0.000003    0
 8           61    0.000004    0
 9          108    0.000005    0
10          151    0.000007    0
11          253    0.000011    0
12          369    0.000016    0
13          607    0.000025    0
14          847    0.000036    0
15         1400    0.000057    0
16         1954    0.000081    0
17         3139    0.000124    0
18         4398    0.000184    0
19         6976    0.000283    0
20         9583    0.000401    0
21        15456    0.000635    0
22        20982    0.000869    0
23        32816    0.001270    0
24        45417    0.000895    0
25        70109    0.000800    0
26        94499    0.001031    0
27       148234    0.001696    0
28       200768    0.002349    0
29       308213    0.003354    0
30       415543    0.004640    0
31       634270    0.007026    0
32       849877    0.009805    0
33      1311244    0.014781    0
34      1739022    0.020291    0
35      2630061    0.030218    0
36      3540355    0.041548    0
37      5344961    0.062338    0
38      7051789    0.084009    0
39     10747207    0.127349    0
40     14158720    0.171536    0
41     21295570    0.256158    0
42     28188520    0.346234    0
43     42283059    0.518265    0
44     55560183    0.695485    0
45     83902379    1.046926    1
46    109416660    1.394951    1
47    163758608    2.087731    2
48    215578633    2.796492    2
49    322546325    4.193450    4
50    417931547    5.535577    5
51    630427082    8.367334    8
52    819313304   11.109201   11
53   1225749154   16.669811   16
54   1594365915   21.963709   21
55   2379621002   33.055698   33
56   3079772605   43.295937   43
57   4644363603   65.814346   65
58   5978202515   86.122704   86
59   8958100404  130.065201  130
60  11592193582  170.675018  170
