1 2 0.000006 0
2 3 0.000004 0
3 6 0.000010 0
4 9 0.000009 0
5 16 0.000007 0
6 24 0.000008 0
7 42 0.000010 0
8 61 0.000006 0
9 108 0.000011 0
10 151 0.000012 0
11 253 0.000017 0
12 369 0.000009 0
13 607 0.000020 0
14 847 0.000017 0
15 1400 0.000025 0
16 1954 0.000036 0
17 3139 0.000048 0
18 4398 0.000076 0
19 6976 0.000127 0
20 9583 0.000145 0
21 15456 0.000259 0
22 20982 0.000467 0
23 32816 0.000601 0
24 45417 0.001003 0
25 70109 0.000949 0
26 94499 0.002006 0
27 148234 0.004702 0
28 200768 0.004015 0
29 308213 0.005018 0
30 415543 0.006466 0
31 634270 0.009554 0
32 849877 0.015115 0
33 1311244 0.024831 0
34 1739022 0.042276 0
35 2630061 0.059172 0
36 3540355 0.067237 0
37 5344961 0.107386 0
38 7051789 0.172553 0
39 10747207 0.231165 0
40 14158720 0.393497 0
41 21295570 0.467121 0
42 28188520 0.607516 0
43 42283059 1.056982 1
44 55560183 1.301493 1
45 83902379 2.121621 2
46 109416660 2.330168 2
47 163758608 3.537004 3
48 215578633 5.336652 5
49 322546325 7.659418 7
50 417931547 12.033043 12
51 630427082 15.313356 15
52 819313304 20.127642 20
53 1225749154 31.847628 31
54 1594365915 42.897540 42
55 2379621002 65.474225 65
56 3079772605 76.445158 76
57 4644363603 98.124605 98
58 5978202515 153.901602 153
59 8958100404 218.211731 218
60 11592193582 284.627097 284
