#n        count         cpu wall
#- ------------ ----------- ----
 0            1    0.000002    0
 1            2    0.000001    0
 2            3    0.000001    0
 3            6    0.000001    0
 4            9    0.000001    0
 5           16    0.000001    0
 6           24    0.000001    0
 7           42    0.000001    0
 8           61    0.000002    0
 9          108    0.000002    0
10          151    0.000002    0
11          253    0.000002    0
12          369    0.000004    0
13          607    0.000004    0
14          847    0.000006    0
15         1400    0.000009    0
16         1954    0.000011    0
17         3139    0.000018    0
18         4398    0.000022    0
19         6976    0.000035    0
20         9583    0.000044    0
21        15456    0.000070    0
22        20982    0.000093    0
23        32816    0.000144    0
24        45417    0.000201    0
25        70109    0.000310    0
26        94499    0.000412    0
27       148234    0.000642    0
28       200768    0.000863    0
29       308213    0.001282    0
30       415543    0.001504    0
31       634270    0.001903    0
32       849877    0.002333    0
33      1311244    0.003562    0
34      1739022    0.004688    0
35      2630061    0.007056    0
36      3540355    0.009425    0
37      5344961    0.014163    0
38      7051789    0.018732    0
39     10747207    0.028240    0
40     14158720    0.037600    0
41     21295570    0.056356    0
42     28188520    0.073922    0
43     42283059    0.110896    0
44     55560183    0.144730    0
45     83902379    0.219040    0
46    109416660    0.285303    0
47    163758608    0.425251    0
48    215578633    0.558289    0
49    322546325    0.834783    0
50    417931547    1.095973    1
51    630427082    1.626917    1
52    819313304    2.117246    2
53   1225749154    3.168586    3
54   1594365915    4.150261    4
55   2379621002    6.145933    6
56   3079772605    8.001972    8
57   4644363603   12.043027   12
58   5978202515   15.485885   15
59   8958100404   23.162767   23
60  11592193582   29.873177   29
