1 2 0.000003 0
2 3 0.000004 0
3 6 0.000003 0
4 9 0.000008 0
5 16 0.000005 0
6 24 0.000004 0
7 42 0.000004 0
8 61 0.000009 0
9 108 0.000013 0
10 151 0.000009 0
11 253 0.000009 0
12 369 0.000018 0
13 607 0.000013 0
14 847 0.000018 0
15 1400 0.000021 0
16 1954 0.000033 0
17 3139 0.000046 0
18 4398 0.000059 0
19 6976 0.000092 0
20 9583 0.000124 0
21 15456 0.000193 0
22 20982 0.000262 0
23 32816 0.000408 0
24 45417 0.000567 0
25 70109 0.000878 0
26 94499 0.001204 0
27 148234 0.001875 0
28 200768 0.002598 0
29 308213 0.003927 0
30 415543 0.005340 0
31 634270 0.008229 0
32 849877 0.010249 0
33 1311244 0.015368 0
34 1739022 0.021189 0
35 2630061 0.031392 0
36 3540355 0.043451 0
37 5344961 0.064409 0
38 7051789 0.088082 0
39 10747207 0.131691 0
40 14158720 0.179135 0
41 21295570 0.264460 0
42 28188520 0.364063 0
43 42283059 0.532791 0
44 55560183 0.722359 0
45 83902379 1.070877 1
46 109416660 1.442639 1
47 163758608 2.132985 2
48 215578633 2.882537 2
49 322546325 4.276212 4
50 417931547 5.692950 5
51 630427082 8.392910 8
52 819313304 11.157585 11
53 1225749154 16.637190 16
54 1594365915 22.110014 22
55 2379621002 32.795735 32
56 3079772605 43.891453 44
57 4644363603 65.280006 65
58 5978202515 86.925297 87
59 8958100404 130.001926 130
60 11592193582 171.775965 172
