#n        count         cpu wall
#- ------------ ----------- ----
 0            1    0.000000    0
 1            2    0.000000    0
 2            3    0.000000    0
 3            6    0.000000    0
 4            9    0.000000    0
 5           16    0.000000    0
 6           24    0.000000    0
 7           42    0.000000    0
 8           61    0.000000    0
 9          108    0.000000    0
10          151    0.000000    0
11          253    0.000000    0
12          369    0.000000    0
13          607    0.000000    0
14          847    0.000000    0
15         1400    0.000000    0
16         1954    0.000000    0
17         3139    0.000000    0
18         4398    0.000000    0
19         6976    0.000000    0
20         9583    0.000000    0
21        15456    0.000000    0
22        20982    0.000000    0
23        32816    0.000000    0
24        45417    0.000000    0
25        70109    0.001000    0
26        94499    0.001000    0
27       148234    0.002000    0
28       200768    0.004000    0
29       308213    0.006000    0
30       415543    0.008000    0
31       634270    0.012000    0
32       849877    0.017000    0
33      1311244    0.025000    0
34      1739022    0.033000    0
35      2630061    0.053000    0
36      3540355    0.071000    0
37      5344961    0.110000    0
38      7051789    0.145000    0
39     10747207    0.216000    0
40     14158720    0.295000    0
41     21295570    0.448000    0
42     28188520    0.603000    0
43     42283059    0.900000    0
44     55560183    1.217000    1
45     83902379    1.826000    1
46    109416660    2.445000    2
47    163758608    3.686000    3
48    215578633    4.940001    4
49    322546325    7.411000    7
50    417931547    9.833000    9
51    630427082   14.831000   14
52    819313304   19.722000   19
53   1225749154   29.523001   29
54   1594365915   39.377998   39
55   2379621002   58.749001   58
56   3079772605   77.974998   77
57    349396307  117.824997  117
58   1683235219  155.112000  155
59    368165812  234.451996  234
60   3002258990  307.894043  307
