#n        count         cpu wall
#- ------------ ----------- ----
 0            1    0.000002    0
 1            2    0.000001    0
 2            3    0.000001    0
 3            6    0.000002    0
 4            9    0.000001    0
 5           16    0.000001    0
 6           24    0.000001    0
 7           42    0.000002    0
 8           61    0.000002    0
 9          108    0.000003    0
10          151    0.000004    0
11          253    0.000006    0
12          369    0.000008    0
13          607    0.000013    0
14          847    0.000024    0
15         1400    0.000028    0
16         1954    0.000055    0
17         3139    0.000082    0
18         4398    0.000120    0
19         6976    0.000160    0
20         9583    0.000214    0
21        15456    0.000345    0
22        20982    0.000450    0
23        32816    0.000661    0
24        45417    0.001000    0
25        70109    0.001398    0
26        94499    0.001583    0
27       148234    0.002223    0
28       200768    0.002573    0
29       308213    0.003833    0
30       415543    0.005372    0
31       634270    0.008029    0
32       849877    0.011770    0
33      1311244    0.023043    0
34      1739022    0.034070    0
35      2630061    0.050461    0
36      3540355    0.068645    0
37      5344961    0.103210    0
38      7051789    0.137506    0
39     10747207    0.207575    0
40     14158720    0.271283    0
41     21295570    0.405991    0
42     28188520    0.529733    0
43     42283059    0.785689    0
44     55560183    1.019063    1
45     83902379    1.451453    1
46    109416660    1.962919    1
47    163758608    2.619591    2
48    215578633    3.605489    3
49    322546325    5.484292    5
50    417931547    6.935622    6
51    630427082   10.102817   10
52    819313304   13.471295   13
53   1225749154   19.407286   19
54   1594365915   25.661459   25
55   2379621002   37.526527   37
56   3079772605   48.972515   48
57   4644363603   73.044388   73
58   5978202515   95.702370   95
59   8958100404  142.656982  142
60  11592193582  187.628860  187