1 1 0.002502 0
2 1 0.001336 0
3 3 0.001458 0
4 3 0.001848 0
5 7 0.001986 0
6 8 0.002888 0
7 18 0.003269 0
8 19 0.004625 0
9 47 0.008343 0
10 43 0.009654 0
11 102 0.014570 0
12 116 0.020755 0
13 238 0.034071 0
14 240 0.049120 0
15 553 0.082628 0
16 554 0.115186 0
17 1185 0.192674 0
18 1259 0.279466 0
19 2578 0.456371 0
20 2607 0.639713 1
21 5873 1.063363 1
22 5526 1.526631 2
23 11834 2.421904 2
24 12601 3.474133 3
25 24692 5.553892 6
26 24390 7.808285 8
27 53735 12.157853 12
28 52534 16.989702 17
29 107445 26.812227 27
30 107330 36.839796 37
31 218727 57.382737 57
32 215607 80.899497 81
33 461367 126.339948 126
34 427778 167.673821 168
35 891039 260.434379 260
