# 1 1 0,000e+00
# 2 1 0,000e+00
# 3 3 0,000e+00
# 4 3 0,000e+00
# 5 7 0,000e+00
# 6 8 0,000e+00
# 7 18 0,000e+00
# 8 19 0,000e+00
# 9 47 0,000e+00
# 10 43 0,000e+00
# 11 102 0,000e+00
# 12 116 0,000e+00
# 13 238 0,000e+00
# 14 240 0,000e+00
# 15 553 0,000e+00
# 16 554 0,000e+00
# 17 1185 0,000e+00
# 18 1259 0,000e+00
# 19 2578 0,000e+00
# 20 2607 0,000e+00
# 21 5873 1,000e+00
# 22 5526 1,000e+00
# 23 11834 3,000e+00
# 24 12601 4,000e+00
# 25 24692 6,000e+00
# 26 24390 9,000e+00
# 27 53735 1,500e+01
# 28 52534 2,100e+01
# 29 107445 3,300e+01
# 30 107330 4,600e+01
# 31 218727 7,100e+01
# 32 215607 9,700e+01
# 33 461367 1,560e+02
# 34 427778 2,100e+02
# 35 891039 3,240e+02
