2 1 1
3 2 2
4 2 3
5 3 3
7 3 4
8 3 5
9 3 5
10 3 6
11 5 7
17 5 10
19 6 12
23 6 14
31 6 20
34 6 25
35 7 22
46 7 29
47 8 30
53 9 32
83 9 51
95 10 61
103 11 65
179 12 115
193 12 122
239 12 144
251 13 161
293 13 165
299 14 189
383 14 244
463 14 281
479 14 303
503 15 296
719 15 454
743 16 470
839 16 494
1006 16 641
1019 17 598
1187 17 756
1279 17 815
1319 18 841
1399 18 893
1439 19 904
1559 19 986
2309 19 1474
2579 19 1561
2671 19 1684
2729 19 1598
2867 19 1688
2878 19 1808
2879 19 1743
2939 20 1856
2957 20 1730
3119 20 1986
3359 21 2158
3533 21 2143
3547 21 2305
3959 22 2416
4679 22 2959
4919 22 3095
5143 22 3282
5297 22 3098
5387 24 3462
5879 26 3749
9743 26 5746
10427 26 6594
11758 26 7498
13199 26 8347
13679 26 8254
16673 26 10538
16979 26 10837
17637 26 11247
17747 28 11201
20159 28 12742
23183 28 14761
23399 34 14735
46798 34 29470
70197 34 41081
84719 34 53564
93596 35 59745
97817 35 59000