0 1 2.374e-06
1 2 3.423e-06
2 3 2.375e-06
3 6 3.842e-06
4 9 4.889e-06
5 16 6.565e-06
6 24 1.048e-05
7 42 1.683e-05
8 61 2.438e-05
9 108 6.579e-05
10 151 6.349e-05
11 253 1.425e-05
12 369 1.201e-05
13 607 2.040e-05
14 847 3.387e-05
15 1400 4.624e-05
16 1954 6.572e-05
17 3139 1.231e-04
18 4398 1.501e-04
19 6976 2.435e-04
20 9583 3.429e-04
21 15456 5.519e-04
22 20982 7.672e-04
23 32816 1.449e-03
24 45417 1.730e-03
25 70109 2.227e-03
26 94499 1.551e-03
27 148234 2.317e-03
28 200768 3.214e-03
29 308213 4.918e-03
30 415543 6.727e-03
31 634270 1.006e-02
32 849877 1.393e-02
33 1311244 2.104e-02
34 1739022 2.869e-02
35 2630061 4.312e-02
36 3540355 5.882e-02
37 5344961 8.779e-02
38 7051789 1.194e-01
39 10747207 1.788e-01
40 14158720 2.445e-01
41 21295570 3.608e-01
42 28188520 4.859e-01
43 42283059 7.410e-01
44 55560183 9.837e-01
45 83902379 1.462e+00
46 109416660 2.006e+00
47 163758608 3.017e+00
48 215578633 3.958e+00
49 322546325 5.866e+00
50 417931547 7.829e+00
51 630427082 1.165e+01
52 819313304 1.520e+01
53 1225749154 2.241e+01
54 1594365915 3.005e+01
55 2379621002 4.445e+01
56 3079772605 5.873e+01
57 4644363603 8.817e+01
58 5978202515 1.161e+02
59 8958100404 1.722e+02
60 11592193582 2.276e+02