#n        count         cpu wall
#- ------------ ----------- ----
 0            1    0.000001    0
 1            2    0.000001    0
 2            3    0.000001    0
 3            6    0.000002    0
 4            9    0.000001    0
 5           16    0.000002    0
 6           24    0.000002    0
 7           42    0.000003    0
 8           61    0.000003    0
 9          108    0.000005    0
10          151    0.000008    0
11          253    0.000013    0
12          369    0.000021    0
13          607    0.000030    0
14          847    0.000042    0
15         1400    0.000076    0
16         1954    0.000102    0
17         3139    0.000166    0
18         4398    0.000241    0
19         6976    0.000397    0
20         9583    0.000568    0
21        15456    0.000957    0
22        20982    0.001311    0
23        32816    0.001919    0
24        45417    0.002182    0
25        70109    0.003121    0
26        94499    0.004307    0
27       148234    0.006934    0
28       200768    0.009526    0
29       308213    0.015178    0
30       415543    0.020621    0
31       634270    0.032437    0
32       849877    0.044188    0
33      1311244    0.069857    0
34      1739022    0.094095    0
35      2630061    0.146142    0
36      3540355    0.199985    0
37      5344961    0.308788    0
38      7051789    0.417173    0
39     10747207    0.649363    0
40     14158720    0.878836    0
41     21295570    1.344616    1
42     28188520    1.842727    1
43     42283059    2.796942    2
44     55560183    3.695796    3
45     83902379    5.739394    5
46    109416660    7.617704    7
47    163758608   11.654662   11
48    215578633   15.517147   15
49    322546325   23.785631   23
50    417931547   30.918171   30
51    630427082   48.161022   48
52    819313304   63.159149   63
53   1225749154   96.265678   96
54   1594365915  126.296822  126
55   2379621002  193.343491  193
56   3079772605  252.608368  252
57   4644363603  390.671021  390
58   5978202515  503.940063  503
59   8958100404  759.988586  759
60  11592193582  999.930542  999
