1 2 4.291534e-06 seconds
2 3 3.814697e-06 seconds
3 6 7.629395e-06 seconds
4 9 1.120567e-05 seconds
5 16 2.050400e-05 seconds
6 24 3.170967e-05 seconds
7 42 6.532669e-05 seconds
8 61 8.869171e-05 seconds
9 108 1.623631e-04 seconds
10 151 2.496243e-04 seconds
11 253 4.887581e-04 seconds
12 369 7.359982e-04 seconds
13 607 1.184225e-03 seconds
14 847 1.326799e-03 seconds
15 1400 2.078295e-03 seconds
16 1954 2.449751e-03 seconds
17 3139 3.084421e-03 seconds
18 4398 4.024982e-03 seconds
19 6976 6.461382e-03 seconds
20 9583 9.159327e-03 seconds
21 15456 1.539731e-02 seconds
22 20982 2.094126e-02 seconds
23 32816 3.379273e-02 seconds
24 45417 4.745388e-02 seconds
25 70109 7.466745e-02 seconds
26 94499 1.040323e-01 seconds
27 148234 1.647494e-01 seconds
28 200768 2.284589e-01 seconds
29 308213 3.625171e-01 seconds
30 415543 4.919522e-01 seconds
31 634270 7.558990e-01 seconds
32 849877 1.054393e+00 seconds
33 1311244 1.614218e+00 seconds
34 1739022 2.164709e+00 seconds
35 2630061 3.341268e+00 seconds
36 3540355 4.618686e+00 seconds
37 5344961 6.988804e+00 seconds
38 7051789 9.444745e+00 seconds
39 10747207 1.454235e+01 seconds
40 14158720 1.926743e+01 seconds