1 2 0
2 3 0
3 6 1
4 9 0
5 16 0
6 24 0
7 42 0
8 61 0
9 108 0
10 151 0
11 253 0
12 369 0
13 607 0
14 847 0
15 1400 0
16 1954 1
17 3139 1
18 4398 1
19 6976 0
20 9583 0
21 15456 0
22 20982 1
23 32816 1
24 45417 1
25 70109 2
26 94499 3
27 148234 4
28 200768 7
29 308213 10
30 415543 15
31 634270 23
32 849877 29
33 1311244 44
34 1739022 59
35 2630061 95
36 3540355 124
37 5344961 187
38 7051789 258
39 10747207 390
40 14158720 532
41 21295570 774
42 28188520 1041
43 42283059 1634
44 55560183 2167
45 83902379 3217
46 109416660 4266
47 163758608 6468
48 215578633 8596
49 322546325 12871
50 417931547 16909
51 630427082 25731
52 819313304 34065
53 1225749154 51223
54 1594365915 67610
55 2379621002 101390
56 3079772605 132536
57 4644363603 201312
58 5978202515 263386
59 8958100404 397309
60 11592193582 522690