1 2 1.886e-6
2 3 1.466e-6
3 6 2.375e-6
4 9 2.444e-6
5 16 3.772e-6
6 24 5.238e-6
7 42 8.940e-6
8 61 1.348e-5
9 108 2.431e-5
10 151 3.436e-5
11 253 6.055e-5
12 369 9.254e-5
13 607 1.764e-4
14 847 2.271e-4
15 1400 4.233e-4
16 1954 5.809e-4
17 3139 9.670e-4
18 4398 1.410e-3
19 6976 2.312e-3
20 9583 3.243e-3
21 15456 5.433e-3
22 20982 7.543e-3
23 32816 1.240e-2
24 45417 1.787e-2
25 70109 2.771e-2
26 94499 3.881e-2
27 148234 6.197e-2
28 200768 8.444e-2
29 308213 1.341e-1
30 415543 1.838e-1
31 634270 2.894e-1
32 849877 4.015e-1
33 1311244 6.256e-1
34 1739022 8.454e-1
35 2630061 1.309e+0
36 3540355 1.792e+0
37 5344961 2.780e+0
38 7051789 3.725e+0
39 10747207 5.864e+0
40 14158720 7.808e+0
41 21295570 1.209e+1
42 28188520 1.606e+1
43 42283059 2.450e+1
44 55560183 3.251e+1
45 83902379 5.048e+1
46 109416660 6.651e+1
47 163758608 1.021e+2
48 215578633 1.355e+2
49 322546325 2.081e+2
50 417931547 2.724e+2
