1 2 3.814697e-06 seconds
2 3 4.529953e-06 seconds
3 6 4.053116e-06 seconds
4 9 5.483627e-06 seconds
5 16 9.536743e-06 seconds
6 24 1.263618e-05 seconds
7 42 2.145767e-05 seconds
8 61 3.099442e-05 seconds
9 108 5.435944e-05 seconds
10 151 7.867813e-05 seconds
11 253 1.347065e-04 seconds
12 369 2.012253e-04 seconds
13 607 3.449917e-04 seconds
14 847 4.894733e-04 seconds
15 1400 8.575916e-04 seconds
16 1954 1.204967e-03 seconds
17 3139 1.994371e-03 seconds
18 4398 2.851009e-03 seconds
19 6976 4.720449e-03 seconds
20 9583 6.521702e-03 seconds
21 15456 1.076818e-02 seconds
22 20982 1.496410e-02 seconds
23 32816 2.405524e-02 seconds
24 45417 3.385997e-02 seconds
25 70109 5.316544e-02 seconds
26 94499 7.274508e-02 seconds
27 148234 1.164031e-01 seconds
28 200768 1.605301e-01 seconds
29 308213 2.513351e-01 seconds
30 415543 3.821869e-01 seconds
31 634270 5.435174e-01 seconds
32 849877 7.566829e-01 seconds
33 1311244 1.152040e+00 seconds
34 1739022 1.550253e+00 seconds
35 2630061 2.388182e+00 seconds
36 3540355 3.263960e+00 seconds
37 5344961 5.067035e+00 seconds
38 7051789 7.372020e+00 seconds
39 10747207 1.063997e+01 seconds
40 14158720 1.406773e+01 seconds
41 21295570 2.187599e+01 seconds
42 28188520 2.903116e+01 seconds
43 42283059 4.367177e+01 seconds
44 55560183 5.770893e+01 seconds
45 83902379 8.904859e+01 seconds
46 109416660 1.180906e+02 seconds
47 163758608 1.805502e+02 seconds
48 215578633 2.364141e+02 seconds
49 322546325 3.594283e+02 seconds
50 417931547 4.762667e+02 seconds