1 2 4.529953e-06 seconds
2 3 4.291534e-06 seconds
3 6 7.629395e-06 seconds
4 9 1.072884e-05 seconds
5 16 2.026558e-05 seconds
6 24 3.099442e-05 seconds
7 42 5.531311e-05 seconds
8 61 8.320808e-05 seconds
9 108 1.554489e-04 seconds
10 151 2.577305e-04 seconds
11 253 3.900528e-04 seconds
12 369 5.872250e-04 seconds
13 607 9.589195e-04 seconds
14 847 1.310587e-03 seconds
15 1400 2.048016e-03 seconds
16 1954 2.842903e-03 seconds
17 3139 2.982378e-03 seconds
18 4398 4.070759e-03 seconds
19 6976 6.572723e-03 seconds
20 9583 9.212971e-03 seconds
21 15456 1.590323e-02 seconds
22 20982 2.173066e-02 seconds
23 32816 3.557038e-02 seconds
24 45417 4.800940e-02 seconds
25 70109 7.528758e-02 seconds
26 94499 1.032810e-01 seconds
27 148234 1.648767e-01 seconds
28 200768 2.270443e-01 seconds
29 308213 3.556533e-01 seconds
30 415543 4.890549e-01 seconds
31 634270 7.574153e-01 seconds
32 849877 1.033412e+00 seconds
33 1311244 1.611266e+00 seconds
34 1739022 2.169299e+00 seconds
35 2630061 3.358636e+00 seconds
36 3540355 4.653074e+00 seconds
37 5344961 8.345159e+00 seconds
38 7051789 1.165028e+01 seconds
39 10747207 1.540425e+01 seconds
40 14158720 1.985487e+01 seconds
41 21295570 3.052364e+01 seconds
42 28188520 4.090431e+01 seconds
43 42283059 6.247631e+01 seconds
44 55560183 8.318453e+01 seconds
45 83902379 1.307728e+02 seconds
46 109416660 1.690705e+02 seconds
47 163758608 2.585007e+02 seconds
48 215578633 3.450067e+02 seconds
49 322546325 5.313181e+02 seconds
50 417931547 6.939479e+02 seconds
