# 1 2 2.000e-06
# 2 4 1.000e-06
# 3 7 1.000e-06
# 4 13 2.000e-06
# 5 22 2.000e-06
# 6 37 5.000e-06
# 7 61 8.000e-06
# 8 102 1.700e-05
# 9 162 3.400e-05
# 10 261 7.200e-05
# 11 410 1.530e-04
# 12 646 3.130e-04
# 13 1001 6.490e-04
# 14 1553 1.269e-03
# 15 2370 2.179e-03
# 16 3645 3.776e-03
# 17 5515 7.723e-03
# 18 8303 1.581e-02
# 19 12470 3.251e-02
# 20 18713 6.668e-02
# 21 27811 1.359e-01
# 22 41244 2.783e-01
# 23 60962 5.671e-01
# 24 89733 1.150e+00
# 25 131870 2.332e+00
# 26 192522 4.707e+00
# 27 281125 9.525e+00
# 28 408680 1.927e+01
# 29 593880 3.906e+01
# 30 855661 7.912e+01
