#n        count         cpu wall
#- ------------ ----------- ----
 0            1    0.000002    0
 1            2    0.000001    0
 2            3    0.000001    0
 3            6    0.000001    0
 4            9    0.000001    0
 5           16    0.000001    0
 6           24    0.000001    0
 7           42    0.000002    0
 8           61    0.000002    0
 9          108    0.000003    0
10          151    0.000003    0
11          253    0.000004    0
12          369    0.000005    0
13          607    0.000007    0
14          847    0.000010    0
15         1400    0.000015    0
16         1954    0.000021    0
17         3139    0.000033    0
18         4398    0.000045    0
19         6976    0.000071    0
20         9583    0.000102    0
21        15456    0.000154    0
22        20982    0.000217    0
23        32816    0.000331    0
24        45417    0.000478    0
25        70109    0.000732    0
26        94499    0.001029    0
27       148234    0.001602    0
28       200768    0.002249    0
29       308213    0.002835    0
30       415543    0.003230    0
31       634270    0.004924    0
32       849877    0.006899    0
33      1311244    0.010796    0
34      1739022    0.014960    0
35      2630061    0.022902    0
36      3540355    0.032395    0
37      5344961    0.049405    0
38      7051789    0.068505    0
39     10747207    0.105630    0
40     14158720    0.145465    0
41     21295570    0.221150    0
42     28188520    0.304905    0
43     42283059    0.467563    0
44     55560183    0.653084    0
45     83902379    0.971155    0
46    109416660    1.337505    1
47    163758608    2.013178    2
48    215578633    2.769640    2
49    322546325    4.065842    4
50    417931547    5.367033    5
51    630427082    8.123945    8
52    819313304   10.830334   10
53   1225749154   16.219355   16
54   1594365915   21.595097   21
55   2379621002   32.363693   32
56   3079772605   43.424057   43
57   4644363603   65.478127   65
58   5978202515   85.985641   85
59   8958100404  128.486526  128
60  11592193582  171.124298  171
