1 2 0.000002 0
2 3 0.000001 0
3 6 0.000003 0
4 9 0.000003 0
5 16 0.000003 0
6 24 0.000002 0
7 42 0.000002 0
8 61 0.000002 0
9 108 0.000003 0
10 151 0.000004 0
11 253 0.000015 0
12 369 0.000006 0
13 607 0.000010 0
14 847 0.000013 0
15 1400 0.000047 0
16 1954 0.000026 0
17 3139 0.000099 0
18 4398 0.000174 0
19 6976 0.000221 0
20 9583 0.000148 0
21 15456 0.000253 0
22 20982 0.000373 0
23 32816 0.000471 0
24 45417 0.000582 0
25 70109 0.000996 0
26 94499 0.001236 0
27 148234 0.002949 0
28 200768 0.003331 0
29 308213 0.004711 0
30 415543 0.005773 0
31 634270 0.009739 0
32 849877 0.011959 0
33 1311244 0.020848 0
34 1739022 0.025068 0
35 2630061 0.042824 0
36 3540355 0.052926 0
37 5344961 0.089006 0
38 7051789 0.106841 0
39 10747207 0.180308 0
40 14158720 0.220497 0
41 21295570 0.369743 0
42 28188520 0.447218 0
43 42283059 0.757002 0
44 55560183 0.904398 0
45 83902379 1.522053 1
46 109416660 1.813772 1
47 163758608 3.181591 3
48 215578633 3.709074 3
49 322546325 6.239352 6
50 417931547 7.275186 7
51 630427082 12.438182 12
52 819313304 14.680029 14
53 1225749154 24.894549 25
54 1594365915 28.966357 29
55 2379621002 49.453224 49
56 3079772605 57.783469 57
57 4644363603 97.914848 98
58 5978202515 114.753805 115
59 8958100404 193.246471 193
60 11592193582 228.781759 229
