1 2 2.622604e-06 seconds
2 3 2.384186e-06 seconds
3 6 4.291534e-06 seconds
4 9 5.960464e-06 seconds
5 16 1.120567e-05 seconds
6 24 1.740456e-05 seconds
7 42 3.433228e-05 seconds
8 61 7.653236e-05 seconds
9 108 1.354218e-04 seconds
10 151 1.251698e-04 seconds
11 253 2.243519e-04 seconds
12 369 3.242493e-04 seconds
13 607 6.091595e-04 seconds
14 847 7.472038e-04 seconds
15 1400 1.261234e-03 seconds
16 1954 1.868248e-03 seconds
17 3139 3.092289e-03 seconds
18 4398 4.377365e-03 seconds
19 6976 7.245064e-03 seconds
20 9583 9.733915e-03 seconds
21 15456 1.596618e-02 seconds
22 20982 2.195954e-02 seconds
23 32816 3.823614e-02 seconds
24 45417 4.809976e-02 seconds
25 70109 9.318709e-02 seconds
26 94499 1.054704e-01 seconds
27 148234 1.678996e-01 seconds
28 200768 2.317877e-01 seconds
29 308213 3.804088e-01 seconds
30 415543 4.926069e-01 seconds
31 634270 7.811787e-01 seconds
32 849877 1.037427e+00 seconds
33 1311244 1.657094e+00 seconds
34 1739022 2.259571e+00 seconds
35 2630061 4.086247e+00 seconds
36 3540355 4.735717e+00 seconds
37 5344961 7.121798e+00 seconds
38 7051789 9.912344e+00 seconds
39 10747207 1.602491e+01 seconds
40 14158720 2.139279e+01 seconds
